20201207231031.mp4 2;21;24;25;37;108;132
20201123151315.mp4 7;17;25;38;106;121
20201106214259.mp4 2;25;45;115;133
20201201152551.mp4 48;86;130
20201208024000.mp4 18;25;49;119;129
20201201142824.mp4 24;25;108;132
20201112144035.mp4 45;115;133
20201208025403.mp4 21;24;25;37;46;108;132
20201201142327.mp4 17;24;25;34;37;57;132
20201115202714.mp4 34;49;72;124
20201116184339.mp4 24;25;48;49;69;134
20201106213636.mp4 2;17;25;45;49;115;133
20201208025557.mp4 37;46;108;132
20201208023355.mp4 25;37;46;87;132
20201201155825.mp4 9;10;17;25;44;48;64;121
20201117131130.mp4 15;17;25;30;39;44;48;49;104;123
20201123180019.mp4 17;20;24;25;37;46;56;133
20201130201617.mp4 17;25;44;51;112;123
20201114200710.mp4 9;17;25;38;107;121
20201214193228.mp4 1;24;46;53;121
20201129223149.mp4 25;39;44;49;82;129
20201115013329.mp4 20;25;37;45;115;133
20201115191717.mp4 2;17;25;37;98;132
20201106212526.mp4 17;25;39;105;123
20201201153542.mp4 2;25;39;46;49;117;126
20201130202612.mp4 17;25;96;132
20201114191541.mp4 17;19;24;25;28;39;46;88;125
20201204094644.mp4 17;25;46;94;132
20201115234432.mp4 25;44;113;127
20201110125147.mp4 17;25;44;60;125
20201115014814.mp4 17;25;38;48;106;121
20201203205056.mp4 17;25;37;115;133
20201106213107.mp4 2;17;25;34;45;115;133
20201116190127.mp4 2;17;25;98;132
20201116010536.mp4 24;25;46;48;69;134
20201115175658.mp4 2;7;25;34;46;56;133
20201207214143.mp4 25;37;108;132
20201112144943.mp4 17;25;44;71;129
20201208022710.mp4 17;24;25;34;39;44;74;124
20201203203843.mp4 14;17;25;39;44;49;112;123
20201207140951.mp4 1;17;39;70;134
20201203222300.mp4 17;25;44;45;56;133
20201207222132.mp4 17;25;39;49;105;123
20201115174337.mp4 17;106;121
20201204091542.mp4 17;25;46;49;98;132
20201106205311.mp4 2;8;17;25;39;44;49;102;123
20201115015357.mp4 17;25;46;48;68;126
20201201143022.mp4 2;17;25;39;44;46;51;116;127
20201203195306.mp4 2;17;25;34;74;124
20201115174235.mp4 17;38;106;121
20201106214150.mp4 17;37;45;115;133
20201115195854.mp4 2;17;25;104;123
20201112141621.mp4 10;17;64;121
20201123151516.mp4 9;10;17;48;64;121
20201115222536.mp4 47;48;69;134
20201106212057.mp4 17;25;30;39;47;105;123
20201114203721.mp4 17;24;25;39;48;70;134
20201106211404.mp4 48;69;134
20201203201907.mp4 17;25;34;45;96;132
20201203204615.mp4 17;25;37;56;133
20201204041103.mp4 17;25;44;62;121
20201207225231.mp4 17;25;34;115;133
20201201142606.mp4 17;24;25;108;132
20201203195148.mp4 17;23;25;39;40;74;124
20201123150908.mp4 20;25;31;108;132
20201201143809.mp4 17;19;25;39;46;48;90;125
20201114192153.mp4 17;49;72;124
20201207145449.mp4 17;25;47;50;99;134
20201117132210.mp4 17;25;39;41;49;84;125
20201203204709.mp4 17;25;34;37;115;133
20201116174121.mp4 14;17;25;39;44;49;112;123
20201107221136.mp4 17;25;39;44;62;121
20201201142857.mp4 24;25;108;132
20201115013712.mp4 17;25;61;123
20201123150117.mp4 7;25;34;108;132
20201203204852.mp4 17;25;37;115;133
20201115202221.mp4 19;25;86;130
20201114183113.mp4 9;17;62;121
20201201143503.mp4 17;25;39;46;50;60;125
20201124140933.mp4 37;49;56;133
20201214183303.mp4 25;44;49;83;129
20201124141038.mp4 7;17;25;37;49;56;133
20201115190216.mp4 17;34;115;133
20201130201813.mp4 17;28;39;44;46;102;123
20201115020826.mp4 17;24;25;39;65;134
20201115175452.mp4 17;115;133
20201208015939.mp4 2;17;23;25;34;80;128
20201117132616.mp4 17;48;107;121
20201201151424.mp4 24;25;34;96;132
20201207153654.mp4 25;37;46;56;133
20201114185011.mp4 9;10;17;46;64;121
20201203225247.mp4 25;35;114;136
20201130184326.mp4 17;25;49;91;122
20201112231454.mp4 24;25;44;48;69;134
20201203195131.mp4 2;17;25;49;74;124
20201201014136.mp4 9;10;17;48;64;121
20201201154932.mp4 17;25;64;121
20201201150458.mp4 2;25;34;46;49;55;135
20201114201138.mp4 9;10;17;25;63;121
20201215153937.mp4 2;17;25;49;98;132
20201117134335.mp4 17;18;25;47;97;120
20201107222651.mp4 10;17;39;66;121
20201110152008.mp4 35;114;136
20201110151235.mp4 25;35;49;114;136
20201130174456.mp4 25;34;39;44;46;69;134
20201204091505.mp4 2;17;25;44;98;132
20201201144030.mp4 17;25;36;39;47;52;134
20201130174720.mp4 24;25;44;48;69;134
20201115191511.mp4 17;24;25;88;125
20201203212334.mp4 2;20;21;23;25;29;96;132
20201114004115.mp4 17;25;44;48;49;51;112;123
20201201142408.mp4 17;25;39;46;104;123
20201207225256.mp4 17;25;45;115;133
20201116190334.mp4 13;17;25;39;44;47;99;134
20201129232409.mp4 17;24;25;46;48;110;125
20201201132751.mp4 17;25;39;81;129
20201116185608.mp4 17;25;34;37;98;132
20201106211205.mp4 37;73;124
20201106164804.mp4 10;17;25;64;121
20201112145727.mp4 17;56;133
20201114192017.mp4 17;49;72;124
20201115013616.mp4 39;49;117;126
20201208031900.mp4 17;25;98;132
20201207142206.mp4 2;17;25;30;39;44;47;104;123
20201129232337.mp4 17;24;25;48;60;125
20201207150726.mp4 23;25;80;128
20201207142255.mp4 17;25;28;39;44;46;49;105;123
20201130184640.mp4 1;17;36;38;39;48;109;121
20201130182038.mp4 17;48;107;121
20201111013955.mp4 23;25;34;91;122
20201215143555.mp4 2;17;25;34;37;46;98;132
20201115013106.mp4 17;37;45;56;133
20201201144528.mp4 17;52;134
20201201013941.mp4 17;31;48;106;121
20201030093124.mp4 17;31;48;90;125
20201116174656.mp4 17;49;72;124
20201207220450.mp4 17;25;98;132
20201214082331.mp4 25;39;44;46;47;81;129
20201117134105.mp4 18;77;120
20201207141738.mp4 17;25;39;48;51;112;123
20201208131246.mp4 17;25;39;47;48;70;134
20201115012848.mp4 25;37;45;115;133
20201114205046.mp4 7;17;39;44;61;123
20201201144604.mp4 1;17;52;134
20201203223528.mp4 1;17;28;46;99;134
20201130200750.mp4 25;35;44;74;124
20201202195527.mp4 25;39;49;100;122
20201117134343.mp4 7;18;25;34;39;44;97;120
20201201142505.mp4 17;25;37;57;132
20201201142717.mp4 17;20;25;108;132
20201115012329.mp4 7;24;37;56;133
20201201151509.mp4 25;96;132
20201130180011.mp4 2;17;25;98;132
20201208021511.mp4 17;18;25;119;129
20201207150248.mp4 17;25;38;46;106;121
20201114200418.mp4 25;39;48;68;126
20201204091758.mp4 2;12;17;25;42;44;85;130
20201114200610.mp4 9;17;25;38;46;107;121
20201129222857.mp4 44;82;129
20201114200847.mp4 17;25;38;107;121
20201116190026.mp4 2;17;25;37;39;47;98;132
20201117131328.mp4 17;25;39;105;123
20201115201402.mp4 17;24;39;48;69;134
20201106164724.mp4 10;17;25;46;64;121
20201130202905.mp4 2;17;24;96;132
20201112145632.mp4 18;23;78;128
20201106213422.mp4 2;25;34;45;115;133
20201130203403.mp4 9;17;38;106;121
20201201151104.mp4 25;46;96;132
20201201152348.mp4 46;48;86;130
20201204035848.mp4 3;9;17;25;44;66;121
20201130175123.mp4 25;98;132
20201115222500.mp4 24;39;48;69;134
20201102205720.mp4 10;64;121
20201115174433.mp4 24;25;48;69;134
20201207152032.mp4 2;15;17;23;25;34;80;128
20201123145947.mp4 7;20;25;34;37;57;132
20201208024035.mp4 17;25;44;71;129
20201207145948.mp4 17;25;62;121
20201115191738.mp4 2;17;25;37;98;132
20201214081514.mp4 17;25;46;88;125
20201207222209.mp4 17;25;28;39;44;49;102;123
20201207141400.mp4 17;25;39;44;48;49;112;123
20201207224306.mp4 7;17;25;27;46;48;51;68;126
20201207153555.mp4 2;17;25;37;45;115;133
20201207154608.mp4 9;17;25;38;107;121
20201207151423.mp4 17;23;25;101;128
20201214195202.mp4 17;25;35;41;114;136
20201214181800.mp4 24;48;69;134
20201208030716.mp4 2;20;25;34;37;56;133
20201201152924.mp4 17;25;35;76;136
20201116190454.mp4 17;25;39;44;46;47;52;134
20201203204308.mp4 2;17;25;39;49;61;123
20201203225214.mp4 25;35;41;46;76;136
20201215143311.mp4 17;25;98;132
20201207225455.mp4 17;20;25;34;37;46;49;56;133
20201215143158.mp4 17;25;37;98;132
20201115014524.mp4 17;48;62;121
20201207231831.mp4 2;17;25;40;74;124
20201115014839.mp4 2;17;25;38;48;106;121
20201114004448.mp4 17;25;39;49;102;123
20201201144518.mp4 1;17;52;134
20201208030754.mp4 17;25;37;56;133
20201203222555.mp4 17;25;45;115;133
20201207214449.mp4 2;21;25;34;37;46;108;132
20201207140011.mp4 17;25;38;48;107;121
20201203204036.mp4 17;25;27;39;61;123
20201201143415.mp4 1;17;25;46;88;125
20201207154556.mp4 17;25;107;121
20201208023651.mp4 7;24;25;37;39;108;132
20201129223806.mp4 9;17;48;62;121
20201114185411.mp4 10;17;46;64;121
20201208132041.mp4 17;46;99;134
20201114192045.mp4 6;17;49;72;124
20201206003102.mp4 17;25;34;39;46;74;124
20201207215614.mp4 17;25;37;115;133
20201117133610.mp4 25;27;39;68;126
20201201151013.mp4 25;37;96;132
20201207221626.mp4 17;25;39;105;123
20201201143103.mp4 17;25;39;116;127
20201115200522.mp4 24;48;69;134
20201117131747.mp4 1;17;26;52;134
20201123151543.mp4 17;31;48;106;121
20201116192130.mp4 25;44;86;130
20201116175239.mp4 17;18;46;50;60;125
20201117131212.mp4 7;17;25;39;44;112;123
20201129223917.mp4 9;17;25;38;106;121
20201201152939.mp4 35;41;49;114;136
20201115021042.mp4 24;25;39;44;48;70;134
20201203204938.mp4 17;25;37;45;49;115;133
20201201151326.mp4 25;37;87;132
20201116191027.mp4 17;25;38;48;107;121
20201106213712.mp4 17;45;115;133
20201208030627.mp4 17;25;37;115;133
20201102205759.mp4 17;106;121
20201201143841.mp4 17;39;50;60;125
20201201151446.mp4 25;34;39;44;46;48;113;127
20201207140039.mp4 17;38;46;107;121
20201117131800.mp4 1;17;26;46;52;134
20201130174247.mp4 2;24;25;44;48;69;134
20201129223244.mp4 44;82;129
20201207225141.mp4 17;25;39;44;46;66;121
20201115193936.mp4 17;25;37;98;132
20201102205521.mp4 10;17;25;64;121
20201214172447.mp4 2;17;37;49;98;132
20201115203739.mp4 9;17;38;107;121
20201207214505.mp4 2;37;108;132
20201130175140.mp4 17;25;44;98;132
20201030131739.mp4 24;25;46;111;120
20201130203508.mp4 17;38;46;106;121
20201112142627.mp4 7;9;17;48;62;121
20201203195255.mp4 17;34;39;74;124
20201208023425.mp4 17;25;37;108;132
20201207214042.mp4 2;20;24;25;34;37;108;132
20201115180628.mp4 1;17;52;134
20201115174725.mp4 2;25;48;69;134
20201115222404.mp4 23;24;48;69;134
20201106211046.mp4 37;73;124
20201204041126.mp4 9;17;25;39;62;121
20201207225940.mp4 12;17;20;24;25;97;120
20201208015551.mp4 17;46;48;99;134
20201208030858.mp4 2;17;34;37;45;115;133
20201116191250.mp4 17;25;107;121
20201214184315.mp4 25;44;83;129
20201207221101.mp4 2;17;25;98;132
20201203211506.mp4 17;25;45;115;133
20201112142404.mp4 10;17;64;121
20201204042215.mp4 17;25;44;46;66;121
20201106222033.mp4 25;37;108;132
20201201155943.mp4 9;10;17;25;46;64;121
20201207150348.mp4 17;25;46;62;121
20201115012530.mp4 37;45;115;133
20201201141940.mp4 17;21;25;34;57;132
20201107222119.mp4 17;25;39;64;121
20201207155004.mp4 17;25;39;48;65;134
20201115202302.mp4 17;25;28;42;46;58;130
20201115014329.mp4 25;39;85;130
20201214181717.mp4 24;48;69;134
20201116174541.mp4 17;25;44;72;124
20201201155542.mp4 17;25;38;64;121
20201214174935.mp4 17;25;34;46;49;92;135
20201117155259.mp4 2;25;35;41;46;114;136
20201103153301.mp4 17;86;130
20201115175608.mp4 17;25;34;45;115;133
20201114185647.mp4 9;17;25;62;121
20201130201014.mp4 2;17;25;49;98;132
20201208031721.mp4 17;25;98;132
20201106211607.mp4 39;48;69;134
20201204041214.mp4 17;25;46;62;121
20201117105640.mp4 2;17;96;132
20201114200442.mp4 25;44;48;68;126
20201116182435.mp4 17;25;39;84;125
20201112230553.mp4 17;25;31;106;121
20201207135716.mp4 17;25;38;107;121
20201202194130.mp4 12;17;25;44;48;58;130
20201207231024.mp4 2;17;24;25;37;46;108;132
20201208130514.mp4 1;17;46;47;48;52;134
20201214194352.mp4 2;25;34;35;44;46;114;136
20201204082543.mp4 2;14;17;23;25;34;80;128
20201203192912.mp4 2;17;25;34;46;49;58;130
20201207141757.mp4 17;25;48;102;123
20201116143002.mp4 17;25;44;82;129
20201206003925.mp4 17;25;34;44;74;124
20201207215308.mp4 17;25;37;45;115;133
20201208024453.mp4 6;17;25;49;72;124
20201203230938.mp4 24;46;47;48;69;134
20201204034238.mp4 17;25;44;45;115;133
20201115222849.mp4 17;27;28;58;130
20201214185421.mp4 16;17;25;98;132
20201214085456.mp4 17;25;39;44;46;47;81;129
20201207214816.mp4 21;25;37;87;132
20201117155235.mp4 25;39;114;136
20201107222245.mp4 9;10;17;25;62;121
20201207141620.mp4 17;25;39;44;112;123
20201201152331.mp4 48;86;130
20201206002850.mp4 25;34;39;44;46;74;124
20201201155140.mp4 9;10;17;25;46;62;121
20201215153313.mp4 2;17;20;25;37;98;132
20201116175928.mp4 7;17;50;60;125
20201113102215.mp4 17;25;44;71;129
20201103145614.mp4 17;44;71;129
20201110124153.mp4 17;27;30;105;123
20201208023449.mp4 20;37;108;132
20201201131917.mp4 17;25;105;123
20201123175945.mp4 7;20;25;37;48;56;133
20201111122544.mp4 17;25;44;97;120
20201112143832.mp4 17;25;44;49;92;135
20201201014032.mp4 10;11;17;25;48;64;121
20201112143946.mp4 2;17;25;115;133
20201208030933.mp4 17;20;25;37;49;56;133
20201207222119.mp4 17;25;39;105;123
20201207145518.mp4 1;17;25;39;47;48;52;134
20201208030304.mp4 2;17;25;34;39;98;132
20201201154109.mp4 14;17;25;43;49;75;129
20201114204111.mp4 17;25;44;47;112;123
20201203204612.mp4 2;17;20;25;37;115;133
20201207180106.mp4 25;35;37;73;124
20201204035928.mp4 9;17;25;38;44;63;121
20201130202343.mp4 17;25;42;104;123
20201130201720.mp4 17;25;43;44;112;123
20201110125033.mp4 17;25;102;123
20201207151501.mp4 17;22;25;79;128
20201116192313.mp4 24;47;48;69;134
20201123171303.mp4 9;17;25;38;107;121
20201115014950.mp4 25;39;44;48;68;126
20201214183442.mp4 24;25;44;48;69;134
20201201151406.mp4 25;108;132
20201117105213.mp4 27;34;39;49;96;132
20201112230830.mp4 17;25;34;38;44;106;121
20201116175948.mp4 17;28;50;60;125
20201207223932.mp4 17;18;25;34;39;44;49;77;120
20201203225332.mp4 17;19;88;125
20201107222800.mp4 17;25;27;28;39;66;121
20201214193310.mp4 1;25;46;53;121
20201203210720.mp4 17;25;39;44;46;49;102;123
20201115012300.mp4 17;25;37;45;115;133
20201214184029.mp4 24;25;44;46;47;48;69;134
20201201151355.mp4 24;25;34;37;39;96;132
20201207151358.mp4 17;18;23;25;44;78;128
20201130201632.mp4 17;25;112;123
20201207154639.mp4 17;25;38;107;121
20201204041950.mp4 10;17;25;44;46;64;121
20201207155043.mp4 25;36;44;47;48;70;134
20201207135848.mp4 1;25;30;53;121
20201129224120.mp4 17;38;106;121
20201112145110.mp4 17;25;39;44;47;79;128
20201201142921.mp4 24;25;108;132
20201207221519.mp4 2;17;25;39;44;112;123
20201207232025.mp4 17;25;28;30;39;47;105;123
20201106214623.mp4 17;37;45;115;133
20201207225038.mp4 17;25;39;44;46;64;121
20201207150747.mp4 23;25;39;101;128
20201208022635.mp4 2;17;25;34;39;74;124
20201207221457.mp4 25;39;44;112;123
20201116143334.mp4 17;25;82;129
20201201014402.mp4 17;25;31;106;121
20201203230211.mp4 2;17;25;44;47;49;98;132
20201117105105.mp4 24;37;96;132
20201204034216.mp4 17;25;34;115;133
20201207214153.mp4 24;25;34;37;49;108;132
20201207220147.mp4 2;17;25;98;132
20201030001517.mp4 29;46;48;86;130
20201201151217.mp4 21;25;37;87;132
20201115175539.mp4 2;25;115;133
20201203225840.mp4 2;7;11;14;17;25;39;44;46;50;105;123
20201117134313.mp4 17;39;97;120
20201203194949.mp4 17;19;86;130
20201203211446.mp4 17;25;37;115;133
20201203225028.mp4 2;25;35;46;76;136
20201112145241.mp4 25;39;101;128
20201201143041.mp4 9;10;17;25;34;46;48;64;121
20201208131624.mp4 1;17;25;32;39;44;46;48;99;134
20201112230615.mp4 17;25;38;44;106;121
20201116174954.mp4 6;17;25;44;49;72;124
20201115175343.mp4 17;25;27;28;39;44;95;131
20201116182502.mp4 17;25;39;44;48;84;125
20201207215719.mp4 17;25;98;132
20201214173304.mp4 2;17;49;98;132
20201207142502.mp4 2;17;25;28;39;47;48;49;102;123
20201206003130.mp4 17;24;25;29;34;39;40;46;74;124
20201112143714.mp4 4;17;25;46;92;135
20201114191226.mp4 17;24;25;39;88;125
20201115223012.mp4 17;46;58;130
20201201001318.mp4 25;37;87;132
20201208025722.mp4 21;23;25;37;108;132
20201204045838.mp4 9;10;17;64;121
20201115013035.mp4 7;20;25;37;56;133
20201207222414.mp4 17;25;39;49;61;123
20201115013244.mp4 37;115;133
20201030095517.mp4 17;25;90;125
20201203204655.mp4 2;17;25;37;45;56;133
20201112144932.mp4 17;25;46;75;129
20201130201402.mp4 16;17;25;44;98;132
20201201133740.mp4 25;34;92;135
20201207231043.mp4 25;37;87;132
20201115175211.mp4 25;29;39;95;131
20201110152256.mp4 24;25;37;108;132
20201201151616.mp4 25;39;44;48;113;127
20201208132448.mp4 1;17;99;134
20201204091910.mp4 2;11;17;25;85;130
20201207153543.mp4 17;25;34;37;46;56;133
20201214193908.mp4 25;34;44;82;129
20201124135419.mp4 25;37;115;133
20201123175532.mp4 17;25;107;121
20201207215902.mp4 16;17;25;44;98;132
20201207141055.mp4 24;46;48;70;134
20201203204759.mp4 17;25;37;115;133
20201201140406.mp4 17;27;34;44;59;123
20201207153911.mp4 17;25;37;56;133
20201203223437.mp4 1;17;48;99;134
20201204091037.mp4 17;25;34;39;74;124
20201201154135.mp4 2;17;25;29;44;71;129
20201207215548.mp4 17;25;37;115;133
20201030131243.mp4 17;23;25;44;46;77;120
20201115174604.mp4 24;48;69;134
20201103145515.mp4 14;17;25;75;129
20201214175658.mp4 17;38;106;121
20201201140126.mp4 17;24;46;110;125
20201204041421.mp4 9;10;17;25;39;64;121
20201117105541.mp4 17;23;25;45;96;132
20201214193544.mp4 17;24;38;46;107;121
20201106212025.mp4 17;25;44;49;51;112;123
20201207220848.mp4 2;17;25;98;132
20201117134232.mp4 11;14;17;18;25;34;46;111;120
20201130201556.mp4 17;25;112;123
20201201000019.mp4 17;25;44;47;48;81;129
20201110152147.mp4 17;25;37;108;132
20201113101858.mp4 44;71;129
20201130192043.mp4 23;25;37;44;49;80;128
20201124140326.mp4 17;20;25;37;56;133
20201106211449.mp4 48;69;134
20201203223305.mp4 17;99;134
20201204040910.mp4 17;24;46;107;121
20201207215452.mp4 17;37;45;115;133
20201202195035.mp4 25;39;41;46;110;125
20201204034246.mp4 17;115;133
20201112231125.mp4 10;17;25;64;121
20201207160725.mp4 37;73;124
20201116192345.mp4 24;48;69;134
20201204042115.mp4 10;17;64;121
20201114202943.mp4 25;39;85;130
20201208022215.mp4 17;25;44;95;131
20201201151728.mp4 2;17;23;25;37;46;96;132
20201201143315.mp4 17;25;39;46;88;125
20201204041705.mp4 10;17;46;64;121
20201207153718.mp4 24;25;37;44;46;56;133
20201123170819.mp4 14;17;48;54;135
20201115021024.mp4 1;24;25;36;39;44;52;134
20201115222250.mp4 17;25;39;44;97;120
20201214181404.mp4 1;17;24;109;121
20201114185616.mp4 10;17;64;121
20201207214130.mp4 21;24;25;37;49;108;132
20201106210842.mp4 37;73;124
20201107221513.mp4 17;25;39;46;62;121
20201115221515.mp4 17;18;23;25;80;128
20201130200353.mp4 17;23;25;101;128
20201115195348.mp4 17;25;34;44;71;129
20201208025351.mp4 2;24;25;37;46;108;132
20201201141455.mp4 17;25;34;49;100;122
20201115202013.mp4 17;25;107;121
20201201155413.mp4 10;17;25;46;64;121
20201106210934.mp4 25;37;73;124
20201112230924.mp4 9;17;25;44;46;62;121
20201203212407.mp4 17;25;96;132
20201203204622.mp4 2;17;20;25;37;49;115;133
20201103131101.mp4 17;23;25;80;128
20201115020140.mp4 25;37;108;132
20201207144808.mp4 1;17;19;25;39;42;48;52;134
20201106212427.mp4 17;25;39;44;105;123
20201207224837.mp4 17;25;66;121
20201201151539.mp4 17;25;34;49;96;132
20201116180159.mp4 17;25;39;89;125
20201203203943.mp4 17;25;30;39;44;49;105;123
20201115174141.mp4 10;17;25;106;121
20201110154800.mp4 10;17;25;64;121
20201207213939.mp4 24;25;34;37;108;132
20201130175617.mp4 17;25;98;132
20201214183458.mp4 24;25;44;48;69;134
20201214193823.mp4 25;34;44;46;82;129
20201214194700.mp4 2;25;35;41;49;114;136
20201106211012.mp4 37;73;124
20201207220837.mp4 17;25;98;132
20201117105633.mp4 7;25;31;96;132
20201114191607.mp4 17;24;25;39;88;125
20201106205712.mp4 17;25;34;39;44;46;71;129
20201204041502.mp4 9;17;25;34;44;62;121
20201115203636.mp4 28;39;46;48;50;52;134
20201115201900.mp4 17;31;107;121
20201123170712.mp4 25;54;135
20201110131449.mp4 24;48;69;134
20201201152529.mp4 46;86;130
20201207144708.mp4 13;17;25;39;44;46;48;99;134
20201123175650.mp4 17;38;46;107;121
20201111005941.mp4 17;25;92;135
20201114190659.mp4 10;17;64;121
20201115013350.mp4 17;20;25;34;37;56;133
20201110153208.mp4 25;97;120
20201203200241.mp4 12;17;25;39;44;111;120
20201214185146.mp4 17;25;46;98;132
20201214185806.mp4 17;25;31;38;107;121
20201208131530.mp4 17;25;39;46;99;134
20201115191003.mp4 17;115;133
20201208021113.mp4 25;48;69;134
20201124135848.mp4 17;25;37;115;133
20201207230455.mp4 21;25;108;132
20201114204001.mp4 17;25;27;28;39;44;112;123
20201115013836.mp4 17;25;50;61;123
20201129223328.mp4 25;44;82;129
20201214174900.mp4 17;25;34;92;135
20201207150056.mp4 17;31;106;121
20201201152421.mp4 46;48;86;130
20201117155937.mp4 0;17;25;35;41;114;136
20201203222251.mp4 17;44;115;133
20201207225302.mp4 17;25;34;56;133
20201110124839.mp4 11;17;25;30;39;105;123
20201201155926.mp4 10;17;25;48;64;121
20201204091226.mp4 17;24;25;34;39;74;124
20201214172510.mp4 17;25;34;98;132
20201208021756.mp4 17;25;37;45;94;132
20201116143110.mp4 25;44;82;129
20201130181954.mp4 17;31;107;121
20201112144425.mp4 17;25;75;129
20201106213726.mp4 25;45;115;133
20201123171048.mp4 17;49;54;135
20201207221259.mp4 2;15;25;39;46;49;103;123
20201208132409.mp4 1;17;19;39;46;99;134
20201207213926.mp4 25;87;132
20201207153751.mp4 17;20;25;45;49;115;133
20201106212212.mp4 17;25;39;44;112;123
20201207215503.mp4 17;25;37;56;133
20201116143310.mp4 17;44;82;129
20201129225817.mp4 24;25;44;47;69;134
20201116190056.mp4 17;25;98;132
20201207213720.mp4 20;24;25;37;108;132
20201110125017.mp4 17;25;28;102;123
20201214081311.mp4 17;88;125
20201207153844.mp4 17;20;24;25;37;56;133
20201208132002.mp4 17;99;134
20201123175453.mp4 17;25;38;107;121
20201114192541.mp4 17;28;62;121
20201201133209.mp4 2;17;25;39;44;97;120
20201208031835.mp4 2;17;25;49;98;132
20201204035725.mp4 1;25;36;39;44;46;53;121
20201115015238.mp4 14;25;43;44;46;68;126
20201207140502.mp4 47;48;69;134
20201102210235.mp4 10;17;64;121
20201207215931.mp4 17;25;98;132
20201106205212.mp4 17;25;29;39;44;46;103;123
20201204045858.mp4 9;10;17;46;64;121
20201204091057.mp4 25;31;39;46;74;124
20201201152516.mp4 17;86;130
20201207233012.mp4 24;25;46;48;69;134
20201124135906.mp4 17;20;37;56;133
20201130195950.mp4 18;25;34;78;128
20201107222224.mp4 9;17;25;39;62;121
20201117133150.mp4 17;25;39;93;130
20201204034644.mp4 2;17;25;34;74;124
20201207231245.mp4 37;108;132
20201123145618.mp4 14;17;25;27;46;48;58;130
20201115014552.mp4 10;17;64;121
20201107221700.mp4 9;10;17;25;39;64;121
20201204091349.mp4 2;17;25;37;98;132
20201208023904.mp4 25;37;108;132
20201123171005.mp4 17;25;28;31;49;54;135
20201207151449.mp4 7;17;23;25;44;101;128
20201115175627.mp4 7;25;56;133
20201207152707.mp4 9;17;62;121
20201114204357.mp4 17;25;28;39;44;46;102;123
20201214181322.mp4 17;24;25;50;109;121
20201115201527.mp4 17;18;19;25;31;46;48;90;125
20201203222349.mp4 17;25;115;133
20201123150558.mp4 25;34;57;132
20201116184306.mp4 2;24;25;46;48;69;134
20201114204200.mp4 17;25;39;44;47;48;112;123
20201201143718.mp4 17;48;50;110;125
20201110151934.mp4 35;114;136
20201204091323.mp4 2;17;25;46;98;132
20201201014521.mp4 25;39;47;95;131
20201116191359.mp4 10;17;25;63;121
20201130175717.mp4 2;17;25;98;132
20201124135431.mp4 7;25;37;56;133
20201115012549.mp4 17;25;37;56;133
20201114192721.mp4 10;17;46;64;121
20201115200628.mp4 7;24;48;69;134
20201114190852.mp4 10;17;25;64;121
20201114203246.mp4 17;25;39;44;93;130
20201116175701.mp4 7;17;25;39;85;130
20201201144351.mp4 17;25;39;46;99;134
20201115222055.mp4 18;25;44;77;120
20201208131544.mp4 8;17;25;46;99;134
20201115015218.mp4 25;44;48;68;126
20201115222858.mp4 2;17;25;58;130
20201201152401.mp4 46;48;86;130
20201130181228.mp4 25;35;41;114;136
20201208020422.mp4 17;31;39;107;121
20201203210324.mp4 17;25;34;44;91;122
20201201143906.mp4 17;25;39;48;90;125
20201207141249.mp4 1;17;39;52;134
20201214185210.mp4 16;17;25;98;132
20201214184212.mp4 24;25;44;48;49;69;134
20201201142728.mp4 2;24;25;108;132
20201116185456.mp4 17;34;37;98;132
20201103131146.mp4 17;18;78;128
20201116174819.mp4 6;17;72;124
20201207213808.mp4 21;24;25;37;46;108;132
20201116190744.mp4 1;17;19;25;39;44;48;99;134
20201130190504.mp4 2;17;25;34;37;98;132
20201207221428.mp4 2;17;25;28;39;49;102;123
20201203204751.mp4 25;37;56;133
20201115195332.mp4 17;44;71;129
20201114200101.mp4 14;17;25;28;43;44;47;48;49;68;126
20201203212021.mp4 7;17;110;125
20201201000637.mp4 2;7;21;25;37;46;87;132
20201130202438.mp4 7;17;25;39;105;123
20201201155456.mp4 17;25;34;44;66;121
20201207222055.mp4 2;17;25;27;39;46;61;123
20201207231940.mp4 17;25;27;28;39;44;46;47;105;123
20201203222741.mp4 17;44;115;133
20201201151157.mp4 2;25;34;37;108;132
20201115020311.mp4 20;25;37;108;132
20201130190535.mp4 2;17;25;49;98;132
20201208021739.mp4 17;25;37;49;94;132
20201204095312.mp4 17;39;46;117;126
20201113104401.mp4 2;23;25;41;44;49;76;136
20201203204843.mp4 17;25;37;115;133
20201203223229.mp4 25;46;86;130
20201208023256.mp4 17;21;25;37;108;132
20201115174804.mp4 2;25;48;69;134
20201115201154.mp4 2;24;25;48;69;134
20201204041353.mp4 9;10;17;39;46;64;121
20201110150625.mp4 17;50;61;123
20201106205751.mp4 17;18;25;75;129
20201117131807.mp4 1;70;134
20201201155804.mp4 9;10;17;25;44;48;64;121
20201106210854.mp4 37;73;124
20201115014420.mp4 14;17;25;43;93;130
20201112143811.mp4 4;17;25;92;135
20201115174621.mp4 39;48;69;134
20201204040854.mp4 17;24;25;38;107;121
20201214171117.mp4 0;17;25;44;71;129
20201103130810.mp4 17;23;25;80;128
20201204034703.mp4 2;17;25;74;124
20201207214117.mp4 2;21;25;37;108;132
20201112230847.mp4 10;17;25;46;64;121
20201214194744.mp4 2;25;35;41;49;114;136
20201201151711.mp4 2;17;96;132
20201201142446.mp4 7;25;57;132
20201130202047.mp4 2;17;25;39;46;47;105;123
20201110124921.mp4 17;25;39;102;123
20201103145548.mp4 17;25;44;71;129
20201208132214.mp4 17;24;46;65;134
20201117132301.mp4 17;25;41;44;49;84;125
20201114204631.mp4 17;25;39;44;51;112;123
20201112144112.mp4 17;25;45;115;133
20201208023238.mp4 2;17;21;25;37;49;108;132
20201214171807.mp4 17;25;39;98;132
20201208030923.mp4 17;20;25;37;56;133
20201115013801.mp4 17;25;42;48;49;61;123
20201114204329.mp4 7;17;25;27;105;123
20201115174955.mp4 17;44;95;131
20201204042200.mp4 2;3;9;17;25;39;44;66;121
20201115015954.mp4 20;25;37;46;108;132
20201113102244.mp4 17;25;44;71;129
20201207150631.mp4 17;46;62;121
20201117160009.mp4 15;17;25;34;35;41;44;49;114;136
20201204091941.mp4 17;25;39;93;130
20201207222323.mp4 2;17;28;39;46;61;123
20201114195805.mp4 25;34;39;110;125
20201128213622.mp4 17;25;39;47;48;97;120
20201204091302.mp4 17;25;37;98;132
20201103151140.mp4 25;34;115;133
20201102211311.mp4 44;112;123
20201115174124.mp4 17;38;106;121
20201123175958.mp4 7;23;25;37;115;133
20201130175904.mp4 2;25;98;132
20201116175308.mp4 17;24;41;90;125
20201130202220.mp4 17;25;39;105;123
20201116175525.mp4 11;17;25;85;130
20201203223922.mp4 17;25;44;47;48;49;86;130
20201207220105.mp4 2;17;25;98;132
20201110151551.mp4 25;35;49;114;136
20201116180307.mp4 17;19;24;25;39;88;125
20201112143022.mp4 24;25;48;69;134
20201030002113.mp4 17;25;37;115;133
20201207230948.mp4 21;25;37;108;132
20201111122737.mp4 25;39;48;97;120
20201115174746.mp4 39;48;69;134
20201115175550.mp4 7;25;45;115;133
20201114204249.mp4 17;25;39;44;112;123
20201103150247.mp4 17;25;34;35;44;114;136
20201123145916.mp4 17;20;25;57;132
20201207224616.mp4 1;17;24;25;30;39;46;48;118;121
20201207153427.mp4 17;25;37;46;56;133
20201201151559.mp4 2;25;34;37;39;46;96;132
20201114200526.mp4 9;17;25;38;107;121
20201129225706.mp4 25;39;44;48;69;134
20201203230503.mp4 46;48;81;129
20201203211426.mp4 17;25;34;45;115;133
20201115175848.mp4 24;25;48;69;134
20201207232717.mp4 24;25;48;69;134
20201115202200.mp4 17;25;46;58;130
20201203204954.mp4 25;37;115;133
20201130184724.mp4 17;46;109;121
20201207214536.mp4 21;25;37;108;132
20201112143938.mp4 17;46;115;133
20201207161025.mp4 35;37;39;73;124
20201201142258.mp4 17;31;46;64;121
20201114201111.mp4 9;10;17;25;63;121
20201116174355.mp4 17;25;44;49;68;126
20201112231330.mp4 14;17;24;27;32;36;44;48;52;134
20201116024525.mp4 24;25;44;48;69;134
20201208022245.mp4 11;17;25;39;47;95;131
20201208031424.mp4 17;20;34;44;94;132
20201114004307.mp4 11;12;17;25;39;44;112;123
20201115222346.mp4 2;24;25;48;69;134
20201030122924.mp4 17;25;39;44;47;81;129
20201201134027.mp4 25;41;84;125
20201117132822.mp4 2;14;16;17;25;46;47;97;120
20201123150324.mp4 17;25;43;57;132
20201106212128.mp4 2;17;25;30;39;48;49;105;123
20201207153613.mp4 17;20;25;34;37;45;115;133
20201203202806.mp4 14;17;19;25;39;44;46;48;86;130
20201114200913.mp4 17;25;46;107;121
20201201013928.mp4 17;48;106;121
20201207150303.mp4 17;38;46;106;121
20201201013704.mp4 17;25;39;111;120
20201115201756.mp4 17;31;107;121
20201130174315.mp4 24;25;48;69;134
20201115180448.mp4 17;48;52;134
20201207153515.mp4 17;25;37;56;133
20201214180316.mp4 17;25;29;34;44;46;49;72;124
20201117132640.mp4 1;17;25;46;53;121
20201208020010.mp4 17;25;101;128
20201214183948.mp4 24;46;48;69;134
20201115013110.mp4 17;25;37;45;115;133
20201116024558.mp4 24;48;69;134
20201111010502.mp4 25;46;55;135
20201207214600.mp4 2;21;23;25;37;49;108;132
20201106205427.mp4 17;25;39;46;102;123
20201130174905.mp4 2;24;25;48;69;134
20201214082553.mp4 17;25;39;44;46;47;81;129
20201207230001.mp4 2;18;23;25;34;39;40;46;77;120
20201114004922.mp4 17;25;39;102;123
20201117105131.mp4 25;49;96;132
20201207225446.mp4 20;25;56;133
20201201143429.mp4 17;49;117;126
20201214185715.mp4 17;25;38;107;121
20201214175003.mp4 4;17;25;92;135
20201207152112.mp4 23;25;46;80;128
20201204034134.mp4 17;25;45;115;133
20201102211507.mp4 14;25;44;49;104;123
20201203200134.mp4 17;25;39;44;46;47;97;120
20201113104542.mp4 17;35;67;136
20201207153349.mp4 17;20;37;56;133
20201208020549.mp4 9;10;17;63;121
20201114203211.mp4 14;17;25;39;93;130
20201106221743.mp4 17;35;41;114;136
20201130200320.mp4 17;23;25;80;128
20201106213748.mp4 17;25;45;115;133
20201201151243.mp4 2;25;96;132
20201103131319.mp4 17;23;25;27;39;43;44;101;128
20201130184607.mp4 17;31;39;107;121
20201130200419.mp4 17;18;22;25;79;128
20201112144447.mp4 17;18;25;34;44;49;75;129
20201201131717.mp4 2;17;50;61;123
20201201152651.mp4 46;86;130
20201117133337.mp4 7;17;58;130
20201214194529.mp4 2;25;35;41;49;114;136
20201201151447.mp4 21;25;37;46;49;96;132
20201207214421.mp4 7;24;25;37;108;132
20201110125213.mp4 17;19;31;48;90;125
20201214181336.mp4 17;24;38;46;107;121
20201130202523.mp4 17;25;45;96;132
20201114200324.mp4 17;25;44;47;68;126
20201214174739.mp4 4;17;92;135
20201208131329.mp4 1;17;25;47;99;134
20201204091823.mp4 2;17;25;44;46;85;130
20201203205343.mp4 17;23;25;49;100;122
20201215143145.mp4 17;25;34;98;132
20201115013514.mp4 17;20;25;34;37;56;133
20201115195620.mp4 17;25;39;49;104;123
20201203195234.mp4 2;17;27;74;124
20201130184541.mp4 17;31;107;121
20201130184041.mp4 17;25;38;107;121
20201116183222.mp4 7;25;46;49;117;126
20201123150419.mp4 2;17;25;108;132
20201114204559.mp4 17;25;39;44;47;112;123
20201111010443.mp4 25;34;40;46;55;135
20201214195338.mp4 25;35;41;44;49;114;136
20201201150537.mp4 2;46;55;135
20201201141043.mp4 2;25;46;55;135
20201129224020.mp4 17;25;31;106;121
20201214182153.mp4 25;44;83;129
20201111010544.mp4 15;25;34;48;55;135
20201203221925.mp4 2;25;44;46;49;92;135
20201201142219.mp4 7;25;57;132
20201115191705.mp4 17;25;98;132
20201214171817.mp4 2;17;25;34;39;98;132
20201112231431.mp4 1;24;46;48;69;134
20201106221850.mp4 25;49;114;136
20201201144809.mp4 17;46;99;134
20201130181128.mp4 17;25;35;41;49;114;136
20201115194341.mp4 17;18;25;34;119;129
20201207151438.mp4 17;23;25;80;128
20201207153736.mp4 17;20;25;37;56;133
20201215143223.mp4 2;17;25;45;98;132
20201215153957.mp4 2;17;25;34;37;46;98;132
20201201152239.mp4 17;25;39;111;120
20201103130932.mp4 14;23;25;34;42;46;101;128
20201215153920.mp4 2;17;25;34;98;132
20201203193251.mp4 2;20;25;34;35;37;41;46;49;114;136
20201115203428.mp4 17;65;134
20201201152701.mp4 46;48;86;130
20201203205009.mp4 25;37;115;133
20201201140036.mp4 17;24;50;60;125
20201115201346.mp4 24;39;46;48;69;134
20201115013959.mp4 17;49;72;124
20201110150534.mp4 50;61;123
20201201142239.mp4 7;25;57;132
20201214184548.mp4 0;15;17;25;34;39;44;46;49;83;129
20201204041925.mp4 9;10;17;25;46;64;121
20201115014625.mp4 10;17;25;64;121
20201115202636.mp4 17;49;72;124
20201215143510.mp4 2;17;25;37;49;98;132
20201214194424.mp4 25;35;37;41;114;136
20201201142536.mp4 25;37;87;132
20201207145928.mp4 10;17;46;106;121
20201030131502.mp4 17;25;39;40;97;120
20201115221244.mp4 17;49;61;123
20201201131800.mp4 17;25;39;49;102;123
20201114192352.mp4 17;24;25;118;121
20201207153109.mp4 10;17;39;46;48;64;121
20201116174642.mp4 17;25;44;49;72;124
20201117132551.mp4 10;17;44;63;121
20201208030230.mp4 17;25;98;132
20201106213011.mp4 17;25;34;45;49;115;133
20201208024229.mp4 13;17;25;39;99;134
20201114205126.mp4 17;25;39;44;61;123
20201214184118.mp4 25;39;44;48;69;134
20201203201756.mp4 17;25;34;37;96;132
20201207141004.mp4 1;17;39;48;52;134
20201115195311.mp4 17;25;44;71;129
20201215143215.mp4 2;17;25;37;98;132
20201203205040.mp4 17;25;37;45;56;133
20201204082520.mp4 23;25;46;80;128
20201207223640.mp4 12;16;17;18;25;39;44;46;77;120
20201201141918.mp4 17;21;25;34;37;108;132
20201116183555.mp4 24;25;44;46;69;134
20201123150547.mp4 20;25;108;132
20201201014224.mp4 9;10;17;25;46;64;121
20201115194205.mp4 17;25;98;132
20201107221806.mp4 9;17;25;62;121
20201201152141.mp4 17;18;25;44;49;77;120
20201130175102.mp4 17;25;39;49;98;132
20201201150805.mp4 17;46;65;134
20201115012347.mp4 7;24;25;37;56;133
20201201000045.mp4 17;25;44;48;81;129
20201201014058.mp4 10;17;64;121
20201207160800.mp4 37;73;124
20201207150124.mp4 17;25;38;46;106;121
20201208030530.mp4 2;17;25;98;132
20201203194908.mp4 17;25;35;41;44;46;114;136
20201214180358.mp4 6;17;25;49;72;124
20201203210535.mp4 17;32;46;48;99;134
20201114185152.mp4 9;10;17;64;121
20201114204023.mp4 17;25;39;44;48;112;123
20201129224030.mp4 9;17;38;106;121
20201207225237.mp4 2;17;25;34;56;133
20201204034521.mp4 2;25;27;74;124
20201130203153.mp4 14;17;25;42;43;46;68;126
20201115020954.mp4 1;17;25;39;99;134
20201130181034.mp4 25;35;44;114;136
20201106211818.mp4 25;29;46;116;127
20201201152312.mp4 42;46;86;130
20201115223320.mp4 37;73;124
20201116174834.mp4 6;17;25;40;46;72;124
20201112144837.mp4 14;17;25;43;49;75;129
20201201142136.mp4 17;21;25;57;132
20201207231208.mp4 25;37;87;132
20201208023518.mp4 25;37;108;132
20201208031249.mp4 17;25;44;94;132
20201102211630.mp4 17;25;39;44;48;112;123
20201204091124.mp4 25;39;44;74;124
20201114185435.mp4 10;17;46;64;121
20201214174508.mp4 9;10;17;64;121
20201130200404.mp4 18;22;78;128
20201115014906.mp4 25;39;44;49;68;126
20201204034603.mp4 2;17;25;74;124
20201124140337.mp4 17;20;25;37;56;133
20201116191048.mp4 17;25;38;107;121
20201116183150.mp4 2;25;39;46;117;126
20201214181947.mp4 15;25;44;49;83;129
20201203204740.mp4 17;25;37;115;133
20201030123218.mp4 25;115;133
20201115221154.mp4 17;25;39;49;104;123
20201106213037.mp4 2;17;25;34;37;45;115;133
20201207213643.mp4 11;17;25;37;73;124
20201112142307.mp4 10;17;48;64;121
20201110155956.mp4 17;31;38;106;121
20201106221925.mp4 35;41;114;136
20201207215621.mp4 20;25;37;46;56;133
20201201142318.mp4 17;25;28;39;42;102;123
20201116175614.mp4 17;25;39;44;85;130
20201114203440.mp4 17;25;39;93;130
20201203203905.mp4 17;25;39;44;46;48;51;112;123
20201110131519.mp4 24;48;69;134
20201106213617.mp4 17;25;45;115;133
20201208030838.mp4 7;25;37;56;133
20201201151801.mp4 7;17;20;25;45;46;96;132
20201208023918.mp4 7;21;24;25;37;108;132
20201128213814.mp4 17;25;28;39;44;97;120
20201201142204.mp4 17;62;121
20201114185532.mp4 9;10;17;64;121
20201112142027.mp4 9;17;62;121
20201208024555.mp4 17;23;25;80;128
20201207154311.mp4 17;25;107;121
20201116182906.mp4 17;19;86;130
20201112144040.mp4 2;17;25;37;45;115;133
20201203230110.mp4 2;17;25;98;132
20201030095150.mp4 1;17;24;25;27;60;125
20201117160000.mp4 17;25;35;48;49;114;136
20201201151050.mp4 25;49;96;132
20201130180304.mp4 25;35;49;114;136
20201106221120.mp4 2;17;25;45;115;133
20201204041231.mp4 10;17;25;64;121
20201116185358.mp4 2;17;25;37;98;132
20201201155623.mp4 17;25;46;64;121
20201207142152.mp4 17;25;49;102;123
20201103134736.mp4 17;25;39;47;99;134
20201201132519.mp4 17;32;48;99;134
20201207230623.mp4 20;25;34;37;108;132
20201115223307.mp4 17;25;37;73;124
20201128213712.mp4 17;25;39;47;97;120
20201117133037.mp4 2;7;17;19;25;34;44;90;125
20201115180313.mp4 7;17;28;65;134
20201201152902.mp4 2;25;35;46;49;114;136
20201207215357.mp4 7;17;20;25;37;56;133
20201115015005.mp4 25;39;44;68;126
20201207232332.mp4 17;25;28;39;47;61;123
20201123180043.mp4 7;20;25;37;56;133
20201130174817.mp4 25;44;46;48;69;134
20201130174403.mp4 25;34;44;46;69;134
20201106221705.mp4 114;136
20201106213331.mp4 2;17;25;34;45;115;133
20201102210507.mp4 0;25;39;44;48;113;127
20201130201047.mp4 2;17;25;98;132
20201114203649.mp4 8;17;25;65;134
20201117105000.mp4 17;39;44;117;126
20201130190612.mp4 2;17;25;98;132
20201207221001.mp4 2;17;25;98;132
20201207153400.mp4 17;20;25;56;133
20201116175824.mp4 1;17;25;44;60;125
20201204041724.mp4 9;10;17;46;64;121
20201129223031.mp4 25;44;82;129
20201201133026.mp4 17;18;25;41;44;77;120
20201206002810.mp4 25;44;74;124
20201112231108.mp4 17;38;46;106;121
20201214185237.mp4 17;25;98;132
20201201143216.mp4 17;25;39;44;46;116;127
20201102205706.mp4 10;17;64;121
20201204034620.mp4 17;25;34;74;124
20201203192823.mp4 17;25;49;58;130
20201208031501.mp4 16;25;34;44;46;49;94;132
20201116143146.mp4 7;25;82;129
20201114192639.mp4 10;17;46;64;121
20201116182103.mp4 17;25;40;49;72;124
20201201133440.mp4 2;17;25;28;39;49;102;123
20201204034157.mp4 17;115;133
20201201132004.mp4 17;25;28;49;102;123
20201111014103.mp4 14;17;25;39;102;123
20201207224252.mp4 2;17;25;44;48;68;126
20201106214331.mp4 2;17;20;25;45;115;133
20201203225408.mp4 17;24;25;46;88;125
20201206003153.mp4 17;24;25;34;74;124
20201207223401.mp4 11;17;18;25;39;44;111;120
20201201160630.mp4 17;25;50;109;121
20201112145312.mp4 25;39;44;46;79;128
20201116004820.mp4 17;58;130
20201117131722.mp4 17;52;134
20201208022835.mp4 17;25;44;48;49;86;130
20201201144128.mp4 17;25;46;48;90;125
20201124141329.mp4 8;17;46;48;52;134
20201115020327.mp4 20;25;37;108;132
20201208025256.mp4 21;24;25;34;108;132
20201201142444.mp4 7;25;45;108;132
20201116183202.mp4 17;25;39;46;49;117;126
20201116175510.mp4 17;25;39;85;130
20201103131852.mp4 6;17;23;25;44;46;80;128
20201201135307.mp4 17;39;107;121
20201204041844.mp4 9;17;25;44;62;121
20201208131040.mp4 17;30;32;36;46;52;134
20201201151133.mp4 21;25;96;132
20201207141814.mp4 17;25;39;46;102;123
20201214180336.mp4 17;25;72;124
20201115201646.mp4 17;25;38;107;121
20201208022449.mp4 7;25;27;39;44;95;131
20201201142012.mp4 17;18;25;34;44;77;120
20201116182144.mp4 6;17;49;72;124
20201112144502.mp4 25;44;49;71;129
20201114192655.mp4 10;17;64;121
20201116143247.mp4 44;82;129
20201207232952.mp4 2;24;25;48;69;134
20201207161049.mp4 37;73;124
20201116185344.mp4 17;25;43;49;98;132
20201106164645.mp4 17;25;38;46;106;121
20201201131657.mp4 11;17;25;34;39;59;123
20201208020046.mp4 18;22;25;79;128
20201110154640.mp4 17;31;106;121
20201130184859.mp4 17;24;38;107;121
20201206005249.mp4 2;25;39;44;49;55;135
20201115203832.mp4 17;24;38;107;121
20201116174601.mp4 6;17;49;72;124
20201201152435.mp4 17;46;48;86;130
20201215143422.mp4 2;17;25;98;132
20201202193751.mp4 17;25;104;123
20201203211234.mp4 1;2;14;17;25;39;43;44;46;110;125
20201106212354.mp4 17;25;39;44;49;104;123
20201201014653.mp4 2;17;25;39;44;46;95;131
20201117155834.mp4 23;25;35;76;136
20201202195348.mp4 17;23;25;29;44;74;124
20201114200819.mp4 17;25;107;121
20201207141936.mp4 2;17;25;39;44;46;47;48;49;102;123
20201130180857.mp4 7;17;25;35;114;136
20201130202728.mp4 2;17;25;31;42;96;132
20201111005855.mp4 17;25;92;135
20201208030643.mp4 17;20;25;34;49;56;133
20201103133158.mp4 17;25;39;44;46;49;117;126
20201203204801.mp4 25;37;45;56;133
20201130190334.mp4 17;25;98;132
20201203204904.mp4 17;25;37;45;115;133
20201117133024.mp4 17;25;39;93;130
20201106213440.mp4 17;25;45;115;133
20201203230025.mp4 2;17;25;34;49;98;132
20201130203517.mp4 17;38;46;62;121
20201103131744.mp4 17;22;23;79;128
20201203224159.mp4 17;25;39;44;47;48;86;130
20201113102139.mp4 17;18;22;25;119;129
20201203195216.mp4 17;34;39;74;124
20201204035942.mp4 17;25;63;121
20201123151238.mp4 10;17;64;121
20201110152216.mp4 7;24;25;37;108;132
20201207153453.mp4 17;25;37;56;133
20201115191648.mp4 17;25;49;98;132
20201214194928.mp4 17;25;35;41;46;114;136
20201201142805.mp4 23;24;25;46;108;132
20201207135916.mp4 9;17;38;48;107;121
20201115173933.mp4 17;62;121
20201115013025.mp4 17;25;115;133
20201130175529.mp4 2;17;25;98;132
20201207213458.mp4 25;37;73;124
20201203205038.mp4 17;25;37;45;115;133
20201214180218.mp4 6;17;72;124
20201214182116.mp4 25;44;83;129
20201215153533.mp4 17;25;39;49;98;132
20201207230245.mp4 24;48;69;134
20201201151200.mp4 25;45;46;96;132
20201214174912.mp4 4;17;25;92;135
20201208025325.mp4 2;17;21;24;25;37;46;108;132
20201208030324.mp4 17;25;98;132
20201203222124.mp4 17;25;44;92;135
20201203200747.mp4 17;48;86;130
20201114204722.mp4 17;25;39;44;112;123
20201106162511.mp4 17;38;48;106;121
20201116175728.mp4 17;25;34;39;44;85;130
20201106212109.mp4 17;25;105;123
20201110124442.mp4 2;39;102;123
20201130201147.mp4 17;25;44;98;132
20201115200959.mp4 23;24;48;69;134
20201130175639.mp4 17;25;44;98;132
20201203223318.mp4 17;99;134
20201208023607.mp4 25;37;108;132
20201130181641.mp4 17;38;107;121
20201201152131.mp4 17;19;86;130
20201203205030.mp4 7;17;25;37;115;133
20201117133056.mp4 17;25;29;44;48;90;125
20201208022903.mp4 17;25;86;130
20201115220859.mp4 17;25;39;48;89;125
20201114185314.mp4 10;17;64;121
20201207214638.mp4 21;24;25;37;108;132
20201214181106.mp4 1;17;24;30;107;121
20201113104304.mp4 25;35;49;67;136
20201114200234.mp4 17;25;27;44;46;48;68;126
20201107222733.mp4 3;17;25;39;66;121
20201201142933.mp4 9;10;17;25;46;64;121
20201115175531.mp4 17;25;56;133
20201203210745.mp4 17;25;39;44;49;103;123
20201130201510.mp4 17;25;112;123
20201208024437.mp4 6;17;25;72;124
20201214195023.mp4 35;41;114;136
20201206005407.mp4 2;25;34;55;135
20201117130022.mp4 25;37;49;96;132
20201106164113.mp4 17;38;106;121
20201203222528.mp4 17;34;115;133
20201110151839.mp4 25;35;40;49;114;136
20201130174942.mp4 24;48;69;134
20201207223126.mp4 17;18;25;39;44;46;50;77;120
20201203222814.mp4 44;46;81;129
20201130174518.mp4 25;48;69;134
20201214193144.mp4 1;17;24;48;53;121
20201201155910.mp4 9;10;17;25;44;48;64;121
20201124162241.mp4 1;17;24;39;48;118;121
20201116175855.mp4 17;27;49;50;60;125
20201112142532.mp4 17;38;106;121
20201207232628.mp4 24;25;44;46;69;134
20201112142238.mp4 10;17;64;121
20201115013726.mp4 17;25;61;123
20201201151837.mp4 2;25;34;40;49;96;132
20201201142022.mp4 7;17;21;25;57;132
20201201152502.mp4 46;86;130
20201201151036.mp4 25;96;132
20201207225000.mp4 6;17;25;39;44;62;121
20201201152648.mp4 24;25;44;46;48;89;125
20201116143514.mp4 0;17;25;44;82;129
20201208130904.mp4 17;25;39;46;47;99;134
20201201155426.mp4 17;25;62;121
20201207140531.mp4 24;46;47;48;69;134
20201214183619.mp4 1;25;36;39;44;46;48;52;134
20201207231101.mp4 2;21;25;37;46;108;132
20201201142036.mp4 17;21;25;108;132
20201201141329.mp4 18;25;39;44;77;120
20201203204920.mp4 17;37;56;133
20201208131642.mp4 1;17;25;36;39;44;52;134
20201201152626.mp4 24;25;44;48;89;125
20201106164426.mp4 9;17;62;121
20201106211627.mp4 25;39;48;69;134
20201203205049.mp4 17;25;37;45;56;133
20201201132711.mp4 25;44;49;84;125
20201203212116.mp4 17;86;130
20201214195312.mp4 2;25;35;41;44;49;114;136
20201114204458.mp4 17;25;39;112;123
20201204092006.mp4 2;25;46;85;130
20201112143751.mp4 17;25;92;135
20201115234526.mp4 25;44;113;127
20201110151912.mp4 35;49;114;136
20201102205938.mp4 17;25;38;106;121
20201201131813.mp4 17;25;34;39;47;59;123
20201116005237.mp4 1;17;24;25;32;36;48;52;134
20201207144952.mp4 17;25;44;46;48;99;134
20201115222437.mp4 24;48;69;134
20201203223425.mp4 13;17;46;99;134
20201207142221.mp4 17;25;28;39;49;102;123
20201103133137.mp4 14;17;25;39;49;117;126
20201129223012.mp4 25;34;39;44;82;129
20201207214749.mp4 34;37;49;108;132
20201114204844.mp4 2;17;28;48;102;123
20201201135559.mp4 9;10;17;25;63;121
20201214194503.mp4 2;25;35;41;46;76;136
20201214181039.mp4 17;38;107;121
20201115013506.mp4 17;20;25;31;37;56;133
20201115235153.mp4 25;37;73;124
20201207140103.mp4 17;25;38;107;121
20201117105612.mp4 2;17;25;31;96;132
20201116174459.mp4 14;17;25;27;29;43;44;68;126
20201201142038.mp4 7;17;25;45;57;132
20201203194922.mp4 25;35;41;46;49;114;136
20201214181134.mp4 17;24;38;46;107;121
20201208015959.mp4 17;18;22;25;78;128
20201130175939.mp4 17;25;39;49;98;132
20201201142325.mp4 17;25;108;132
20201201140623.mp4 2;17;25;48;110;125
20201207150756.mp4 18;78;128
20201116010611.mp4 24;48;69;134
20201207220427.mp4 17;25;98;132
20201102205628.mp4 10;17;64;121
20201207215517.mp4 17;20;25;56;133
20201103150354.mp4 2;25;34;35;41;44;114;136
20201106213208.mp4 17;25;115;133
20201201140533.mp4 17;19;46;48;110;125
20201214195226.mp4 2;25;35;37;41;46;49;114;136
20201130202016.mp4 39;49;104;123
20201203204906.mp4 17;37;56;133
20201207221348.mp4 17;25;27;28;39;46;49;102;123
20201207150541.mp4 10;17;25;46;64;121
20201117132748.mp4 14;17;25;27;29;36;39;44;97;120
20201102205611.mp4 9;10;17;25;64;121
20201112143913.mp4 17;25;34;37;45;115;133
20201201143525.mp4 17;31;48;90;125
20201208015455.mp4 17;25;38;39;44;48;107;121
20201203211734.mp4 39;44;48;69;134
20201112230639.mp4 17;25;38;44;106;121
20201115020747.mp4 17;25;39;99;134
20201115194432.mp4 17;25;43;44;46;71;129
20201103131018.mp4 22;25;79;128
20201116174235.mp4 17;25;39;44;112;123
20201203195803.mp4 17;25;39;44;51;84;125
20201201013545.mp4 18;39;77;120
20201111010150.mp4 9;17;25;44;46;62;121
20201110151753.mp4 17;25;35;114;136
20201115015321.mp4 14;17;25;44;46;47;68;126
20201207222453.mp4 2;17;25;49;61;123
20201203222616.mp4 2;17;25;45;115;133
20201114190800.mp4 9;17;48;62;121
20201208021604.mp4 25;44;46;71;129
20201208015928.mp4 17;23;25;80;128
20201207214714.mp4 24;25;37;108;132
20201115222423.mp4 24;48;69;134
20201203204808.mp4 2;17;25;34;37;115;133
20201214173204.mp4 2;17;25;45;98;132
20201114210128.mp4 17;25;91;122
20201106205619.mp4 17;25;39;102;123
20201114185344.mp4 17;64;121
20201117131154.mp4 17;25;49;112;123
20201117155248.mp4 17;25;29;34;35;44;114;136
20201206003241.mp4 17;24;25;46;74;124
20201208020917.mp4 24;25;47;48;69;134
20201207222723.mp4 18;25;39;77;120
20201130192112.mp4 22;23;25;46;79;128
20201208132502.mp4 1;17;46;99;134
20201115221555.mp4 17;22;25;79;128
20201116142904.mp4 17;25;82;129
20201204040717.mp4 10;17;25;44;63;121
20201201144314.mp4 17;36;99;134
20201204041255.mp4 9;10;17;46;64;121
20201130174631.mp4 24;48;69;134
20201115195445.mp4 25;39;44;48;112;123
20201115014351.mp4 14;17;25;43;93;130
20201208025208.mp4 7;21;25;37;108;132
20201114203345.mp4 14;17;25;34;39;44;93;130
20201115020525.mp4 7;25;39;117;126
20201112230650.mp4 17;25;38;106;121
20201207224512.mp4 2;17;24;25;39;46;48;118;121
20201116175422.mp4 25;28;39;85;130
20201214180606.mp4 1;17;24;25;30;46;53;121
20201114191401.mp4 5;17;46;88;125
20201207232811.mp4 24;25;46;48;69;134
20201117105120.mp4 25;49;96;132
20201115222229.mp4 17;25;39;97;120
20201111012944.mp4 25;46;48;54;135
20201207231149.mp4 2;21;25;37;108;132
20201130203135.mp4 14;17;44;68;126
20201115222644.mp4 17;18;25;39;111;120
20201207214811.mp4 21;25;37;49;87;132
20201214174950.mp4 4;17;25;92;135
20201214185317.mp4 17;25;98;132
20201201154951.mp4 9;10;17;25;64;121
20201130175629.mp4 17;25;98;132
20201123171224.mp4 17;31;107;121
20201207220402.mp4 17;25;34;98;132
20201207222711.mp4 17;18;25;39;46;77;120
20201130201109.mp4 2;17;25;34;98;132
20201207215605.mp4 7;20;56;133
20201114200211.mp4 17;25;44;46;68;126
20201115013144.mp4 17;25;34;37;56;133
20201201142450.mp4 9;17;38;64;121
20201201142335.mp4 17;25;39;104;123
20201207153603.mp4 17;24;25;37;56;133
20201207153819.mp4 2;17;20;25;45;49;115;133
20201129222945.mp4 25;44;82;129
20201214181454.mp4 17;24;25;48;107;121
20201111010726.mp4 25;34;48;55;135
20201110151859.mp4 2;25;35;114;136
20201203205048.mp4 17;25;37;45;115;133
20201113104245.mp4 25;35;41;114;136
20201115175836.mp4 24;25;46;48;69;134
20201116182417.mp4 17;25;39;84;125
20201208022807.mp4 17;25;58;130
20201123151044.mp4 9;17;25;62;121
20201115015927.mp4 20;25;37;108;132
20201201153743.mp4 17;44;71;129
20201203230650.mp4 17;25;34;44;58;130
20201203195013.mp4 17;48;86;130
20201115221809.mp4 22;25;79;128
20201106211523.mp4 48;69;134
20201207140307.mp4 27;74;124
20201112144107.mp4 2;17;25;115;133
20201116185546.mp4 2;17;24;25;34;98;132
20201201133139.mp4 2;17;25;34;41;44;46;49;97;120
20201207230314.mp4 24;25;47;48;69;134
20201207214523.mp4 23;37;46;108;132
20201112143536.mp4 39;48;117;126
20201201144417.mp4 13;17;46;99;134
20201106214535.mp4 2;17;20;25;34;37;45;115;133
20201117130124.mp4 25;34;37;96;132
20201208020950.mp4 25;39;48;69;134
20201207140937.mp4 1;17;24;36;46;52;134
20201106214230.mp4 2;17;25;34;45;115;133
20201114195526.mp4 19;24;110;125
20201106214308.mp4 2;45;115;133
20201201132409.mp4 1;48;52;134
20201117131045.mp4 17;25;39;49;103;123
20201115194039.mp4 17;25;49;98;132
20201201142238.mp4 7;25;45;108;132
20201207223505.mp4 16;18;25;39;44;111;120
20201115013045.mp4 2;17;20;37;56;133
20201203222456.mp4 17;25;34;45;115;133
20201203200200.mp4 2;17;18;25;34;37;97;120
20201201151336.mp4 25;96;132
20201110152558.mp4 18;77;120
20201201160058.mp4 17;25;64;121
20201116175022.mp4 17;25;44;49;72;124
20201202195507.mp4 17;49;100;122
20201201134412.mp4 17;25;31;39;49;84;125
20201130202248.mp4 17;25;39;59;123
20201208025738.mp4 2;23;25;37;108;132
20201201014208.mp4 9;10;17;41;64;121
20201201151118.mp4 25;46;96;132
20201201152641.mp4 46;86;130
20201130175438.mp4 2;17;25;49;98;132
20201115014701.mp4 17;64;121
20201204091149.mp4 17;25;34;44;74;124
20201103150205.mp4 25;35;41;114;136
20201207222925.mp4 24;25;39;42;111;120
20201203204003.mp4 2;17;25;39;44;46;49;102;123
20201214180158.mp4 2;6;17;25;44;49;72;124
20201115204119.mp4 10;17;24;25;63;121
20201112230814.mp4 9;10;17;25;64;121
20201114203758.mp4 17;52;134
20201201151738.mp4 17;25;28;39;44;48;113;127
20201130192553.mp4 17;23;25;80;128
20201115222546.mp4 47;48;69;134
20201107222623.mp4 17;25;28;34;39;66;121
20201207221339.mp4 2;17;25;28;39;44;49;104;123
20201207225813.mp4 17;42;111;120
20201203205114.mp4 2;17;25;37;56;133
20201116180327.mp4 17;25;39;42;88;125
20201106161009.mp4 25;37;73;124
20201114203136.mp4 14;17;25;34;39;43;93;130
20201102210301.mp4 10;17;48;64;121
20201115192148.mp4 2;17;25;98;132
20201114192618.mp4 10;17;34;64;121
20201116192433.mp4 24;48;69;134
20201214081154.mp4 17;25;46;48;88;125
20201116185243.mp4 1;5;14;17;25;39;44;88;125
20201203195323.mp4 17;34;74;124
20201114200748.mp4 17;25;38;107;121
20201116182252.mp4 12;17;25;39;44;47;84;125
20201208023219.mp4 2;21;25;34;37;87;132
20201208023543.mp4 17;20;23;25;37;49;108;132
20201203212351.mp4 7;17;25;27;29;34;37;39;45;48;96;132
20201214173447.mp4 9;17;25;46;62;121
20201115175523.mp4 17;25;115;133
20201116183050.mp4 17;39;46;117;126
20201203211701.mp4 25;39;44;48;52;134
20201110153848.mp4 17;38;106;121
20201106213831.mp4 17;115;133
20201203205302.mp4 17;25;46;47;110;125
20201102210146.mp4 9;17;62;121
20201201144012.mp4 17;25;39;90;125
20201106211721.mp4 25;39;116;127
20201207154752.mp4 9;17;38;107;121
20201203204821.mp4 17;25;37;45;115;133
20201114185940.mp4 10;17;64;121
20201203212424.mp4 17;25;46;47;49;96;132
20201106164311.mp4 17;25;38;44;47;106;121
20201123175540.mp4 17;25;38;46;107;121
20201115201954.mp4 17;38;107;121
20201130175026.mp4 2;17;25;98;132
20201203225903.mp4 17;25;39;44;48;105;123
20201110150303.mp4 17;19;86;130
20201106214608.mp4 17;25;45;115;133
20201207225243.mp4 17;25;115;133
20201123151731.mp4 9;10;17;25;64;121
20201202195448.mp4 17;25;34;49;91;122
20201107221911.mp4 9;10;17;25;39;64;121
20201114194918.mp4 17;25;44;48;49;58;130
20201114204925.mp4 17;25;28;39;49;102;123
20201130175358.mp4 17;25;98;132
20201116182552.mp4 25;37;73;124
20201201144747.mp4 17;25;39;46;47;99;134
20201114204053.mp4 17;25;39;44;47;112;123
20201207231118.mp4 24;34;37;108;132
20201106161708.mp4 17;25;34;39;47;59;123
20201130203209.mp4 2;14;17;25;28;34;44;46;47;48;49;68;126
20201112144232.mp4 7;115;133
20201103131818.mp4 18;22;23;25;34;78;128
20201115190004.mp4 17;25;115;133
20201130202809.mp4 2;17;25;27;28;34;49;96;132
20201201142715.mp4 17;38;46;64;121
20201214194555.mp4 2;17;25;35;41;46;49;114;136
20201115012923.mp4 17;25;37;56;133
20201116190953.mp4 17;25;38;49;107;121
20201123143429.mp4 17;25;44;58;130
20201114192854.mp4 10;17;64;121
20201116180143.mp4 17;25;39;44;89;125
20201202194943.mp4 18;25;39;60;125
20201207213755.mp4 20;25;37;108;132
20201112144318.mp4 17;115;133
20201102205649.mp4 9;10;17;64;121
20201110160043.mp4 25;38;106;121
20201201142217.mp4 17;25;45;108;132
20201207153532.mp4 2;17;25;37;45;115;133
20201201153507.mp4 17;25;31;35;46;67;136
20201208031917.mp4 2;17;25;37;98;132
20201207231550.mp4 2;17;23;25;34;80;128
20201130202121.mp4 17;25;27;39;48;105;123
20201201132331.mp4 17;42;54;135
20201117133128.mp4 17;25;39;85;130
20201130201332.mp4 17;25;98;132
20201114200027.mp4 15;17;25;39;44;47;68;126
20201201135449.mp4 17;25;48;109;121
20201203210825.mp4 2;17;25;28;39;49;102;123
20201207215508.mp4 17;25;37;115;133
20201113104013.mp4 17;25;35;49;67;136
20201207231624.mp4 6;17;23;25;44;80;128
20201207154407.mp4 17;25;38;107;121
20201214184531.mp4 17;44;49;83;129
20201115221532.mp4 17;18;23;25;78;128
20201123180114.mp4 17;24;25;37;56;133
20201130201658.mp4 17;25;44;112;123
20201201152018.mp4 25;39;44;46;48;113;127
20201207150521.mp4 7;10;17;25;64;121
20201207142322.mp4 17;25;39;44;47;48;49;61;123
20201117131304.mp4 2;17;25;30;39;47;105;123
20201203205023.mp4 17;25;37;56;133
20201201153423.mp4 24;25;35;46;67;136
20201106164238.mp4 17;25;38;44;106;121
20201114190715.mp4 9;17;25;62;121
20201130192907.mp4 18;78;128
20201203222727.mp4 20;34;45;115;133
20201110124029.mp4 17;25;28;39;102;123
20201115222125.mp4 18;25;44;77;120
20201114201504.mp4 17;25;31;39;42;43;93;130
20201208021903.mp4 2;17;25;37;94;132
20201214174816.mp4 17;25;46;92;135
20201115201209.mp4 48;69;134
20201116185038.mp4 17;19;25;39;88;125
20201214085647.mp4 17;25;39;44;47;81;129
20201214193343.mp4 1;17;24;53;121
20201115222620.mp4 17;25;111;120
20201203223509.mp4 1;17;36;46;52;134
20201112142211.mp4 10;17;64;121
20201116180442.mp4 24;36;48;52;134
20201207141708.mp4 17;25;44;47;49;112;123
20201116182714.mp4 17;25;49;58;130
20201204082459.mp4 17;18;23;25;80;128
20201117133939.mp4 39;44;85;130
20201116175452.mp4 17;25;39;44;85;130
20201030131619.mp4 18;25;49;77;120
20201208021540.mp4 17;25;44;46;71;129
20201208025810.mp4 24;25;108;132
20201203223407.mp4 8;17;46;48;50;65;134
20201116175712.mp4 17;25;39;44;85;130
20201110153309.mp4 2;18;25;34;77;120
20201203205236.mp4 2;17;25;47;48;90;125
20201214173411.mp4 9;17;25;46;62;121
20201204095359.mp4 25;39;117;126
20201114184800.mp4 7;17;46;48;62;121
20201116175214.mp4 17;18;46;110;125
20201201013910.mp4 17;31;38;48;106;121
20201208031629.mp4 2;17;25;98;132
20201203204624.mp4 17;25;37;56;133
20201106164737.mp4 10;17;64;121
20201124135207.mp4 7;20;25;34;37;49;56;133
20201130190944.mp4 17;25;31;34;96;132
20201102210616.mp4 25;39;46;113;127
20201201142836.mp4 17;38;48;64;121
20201201142628.mp4 2;20;21;25;34;46;108;132
20201114185139.mp4 10;17;64;121
20201116142931.mp4 17;25;44;46;82;129
20201117133331.mp4 17;58;130
20201116175835.mp4 17;27;50;60;125
20201208020351.mp4 17;25;38;44;46;107;121
20201207150156.mp4 17;31;106;121
20201207141605.mp4 17;25;39;49;112;123
20201129224717.mp4 17;25;46;88;125
20201203225926.mp4 14;17;25;39;43;47;112;123
20201115222215.mp4 17;25;29;39;97;120
20201201155852.mp4 17;25;44;62;121
20201203204731.mp4 17;25;37;56;133
20201215153359.mp4 2;17;25;40;49;98;132
20201115015613.mp4 25;37;87;132
20201207141859.mp4 17;25;27;28;39;42;48;49;102;123
20201201000457.mp4 20;25;37;46;87;132
20201214173027.mp4 17;25;98;132
20201201153134.mp4 17;25;35;76;136
20201115195200.mp4 0;2;17;25;41;44;71;129
20201203195925.mp4 17;25;44;55;135
20201203195411.mp4 17;25;34;74;124
20201203193630.mp4 17;25;39;44;46;48;103;123
20201214170948.mp4 0;25;44;71;129
20201207221551.mp4 2;17;25;39;44;48;49;105;123
20201201143302.mp4 17;25;39;88;125
20201203224126.mp4 17;25;44;46;47;48;49;86;130
20201201151905.mp4 2;17;25;29;34;49;96;132
20201130180236.mp4 17;23;25;34;35;40;44;114;136
20201201155602.mp4 9;17;25;38;46;64;121
20201117160016.mp4 17;25;34;35;48;49;114;136
20201103132536.mp4 17;25;39;44;95;131
20201207153707.mp4 17;25;45;115;133
20201117105145.mp4 7;27;96;132
20201117104811.mp4 17;25;48;86;130
20201130174437.mp4 39;44;48;69;134
20201203230037.mp4 17;25;98;132
20201201142355.mp4 7;25;34;37;46;57;132
20201117155336.mp4 25;29;35;49;114;136
20201204040029.mp4 17;25;38;63;121
20201214184612.mp4 25;44;83;129
20201203200815.mp4 17;86;130
20201115222334.mp4 23;24;25;46;48;69;134
20201214185355.mp4 17;25;98;132
20201112142955.mp4 24;32;36;52;134
20201207220908.mp4 2;17;25;98;132
20201115014401.mp4 14;17;25;39;43;44;46;93;130
20201115232447.mp4 2;17;25;37;98;132
20201201152327.mp4 17;18;22;25;44;46;77;120
20201130190406.mp4 17;25;98;132
20201207222637.mp4 18;25;39;44;46;77;120
20201201153445.mp4 25;35;41;46;49;67;136
20201214195147.mp4 25;35;37;41;46;114;136
20201214184945.mp4 0;17;18;25;39;44;46;49;83;129
20201114201245.mp4 17;25;34;39;46;93;130
20201201153013.mp4 2;25;35;41;46;49;114;136
20201116142806.mp4 7;44;82;129
20201207145054.mp4 17;28;46;48;99;134
20201203195518.mp4 11;12;17;25;34;39;48;84;125
20201201153949.mp4 0;17;25;34;39;44;97;120
20201207222010.mp4 17;25;39;44;104;123
20201214181431.mp4 1;24;36;48;49;109;121
20201204035913.mp4 9;17;25;38;39;63;121
20201130174213.mp4 17;24;25;28;48;49;69;134
20201130183552.mp4 17;25;38;107;121
20201201143848.mp4 1;17;25;39;47;52;134
20201203203158.mp4 7;17;48;58;130
20201110150408.mp4 25;46;58;130
20201201142134.mp4 25;43;46;108;132
20201215143137.mp4 2;17;25;34;98;132
20201106205954.mp4 17;58;130
20201115012404.mp4 7;17;20;25;37;56;133
20201115222443.mp4 24;48;69;134
20201130200534.mp4 37;44;73;124
20201117133736.mp4 25;44;68;126
20201123180056.mp4 17;25;37;115;133
20201201152604.mp4 48;86;130
20201207225903.mp4 24;25;44;46;97;120
20201124141024.mp4 17;25;37;115;133
20201208030349.mp4 17;25;39;98;132
20201201141207.mp4 2;23;48;74;124
20201203204722.mp4 17;25;37;56;133
20201110152227.mp4 2;24;25;34;37;49;108;132
20201208131309.mp4 1;17;25;30;39;47;52;134
20201206003007.mp4 17;34;46;74;124
20201115175422.mp4 17;25;115;133
20201201153053.mp4 35;41;114;136
20201207155129.mp4 1;17;46;48;52;134
20201106164048.mp4 17;38;106;121
20201123180144.mp4 17;25;37;56;133
20201207220215.mp4 2;17;25;34;98;132
20201214174847.mp4 17;25;46;92;135
20201207231408.mp4 17;23;25;80;128
20201201135651.mp4 17;24;38;46;107;121
20201215143245.mp4 2;17;25;34;37;98;132
20201207214106.mp4 25;37;108;132
20201207230020.mp4 18;23;25;34;41;49;77;120
20201214180037.mp4 6;17;25;34;42;44;72;124
20201114192754.mp4 9;10;17;64;121
20201123180127.mp4 17;20;25;56;133
20201111013615.mp4 17;25;28;42;46;49;54;135
20201208132347.mp4 1;17;99;134
20201201132321.mp4 25;34;44;46;55;135
20201201152256.mp4 17;27;46;48;86;130
20201102210433.mp4 25;39;113;127
20201116190402.mp4 17;25;39;99;134
20201114195953.mp4 17;25;39;44;68;126
20201207221636.mp4 17;25;39;105;123
20201123175341.mp4 17;31;107;121
20201202195317.mp4 25;39;48;110;125
20201201151123.mp4 2;34;37;46;87;132
20201129223252.mp4 25;39;44;82;129
20201123145722.mp4 14;17;25;43;58;130
20201204034541.mp4 17;25;74;124
20201115174419.mp4 48;69;134
20201116180505.mp4 24;47;48;69;134
20201214181250.mp4 17;24;46;107;121
20201106162941.mp4 17;25;34;38;106;121
20201214173831.mp4 9;10;17;25;64;121
20201111123006.mp4 17;25;39;97;120
20201204040458.mp4 17;25;63;121
20201030002044.mp4 17;25;37;45;115;133
20201114204814.mp4 17;25;28;39;44;47;49;102;123
20201107221415.mp4 17;25;39;62;121
20201112141541.mp4 17;48;66;121
20201201142349.mp4 17;25;39;104;123
20201201143423.mp4 25;117;126
20201207141041.mp4 1;17;24;46;52;134
20201201143140.mp4 25;44;116;127
20201203210555.mp4 1;13;17;46;99;134
20201112144238.mp4 17;115;133
20201215143431.mp4 17;25;98;132
20201130202701.mp4 2;17;25;31;49;96;132
20201114185709.mp4 17;64;121
20201115174312.mp4 17;48;106;121
20201201160131.mp4 10;17;25;64;121
20201115180351.mp4 17;99;134
20201207142403.mp4 17;25;39;46;61;123
20201203193227.mp4 2;25;35;37;41;44;49;114;136
20201106213811.mp4 34;37;115;133
20201106164548.mp4 17;106;121
20201201142003.mp4 17;25;108;132
20201103151118.mp4 2;7;25;34;56;133
20201123143648.mp4 17;25;58;130
20201208024113.mp4 17;25;44;49;75;129
20201110124227.mp4 2;17;25;39;102;123
20201110152437.mp4 25;34;44;46;77;120
20201115175313.mp4 17;25;39;95;131
20201207153829.mp4 7;17;20;25;56;133
20201203205058.mp4 17;25;37;56;133
20201112143049.mp4 17;24;25;44;48;69;134
20201130181149.mp4 2;25;35;41;114;136
20201110160117.mp4 10;17;64;121
20201117104853.mp4 17;86;130
20201114204432.mp4 17;25;39;44;46;48;112;123
20201103150939.mp4 2;17;25;34;37;115;133
20201117134326.mp4 7;17;18;25;41;44;48;97;120
20201115235317.mp4 37;73;124
20201214180256.mp4 6;17;25;49;72;124
20201115020856.mp4 36;46;52;134
20201214174633.mp4 3;9;17;25;66;121
20201103131434.mp4 17;23;25;35;42;44;80;128
20201208031757.mp4 17;98;132
20201201013806.mp4 17;38;106;121
20201203211304.mp4 17;25;39;44;46;50;60;125
20201106211421.mp4 48;69;134
20201116184253.mp4 24;25;44;48;69;134
20201214185434.mp4 2;17;25;37;98;132
20201116174334.mp4 17;25;44;49;68;126
20201207230437.mp4 2;25;34;37;46;108;132
20201201140954.mp4 25;34;46;55;135
20201112145657.mp4 25;101;128
20201106221554.mp4 17;25;45;115;133
20201203195422.mp4 17;74;124
20201123170844.mp4 2;17;25;54;135
20201116175330.mp4 17;41;44;90;125
20201207154159.mp4 5;17;25;31;48;50;107;121
20201214193430.mp4 17;38;39;46;107;121
20201201152445.mp4 46;86;130
20201201014046.mp4 9;10;17;25;64;121
20201115222415.mp4 2;24;48;69;134
20201206004515.mp4 7;14;17;27;43;48;74;124
20201214081525.mp4 17;24;25;88;125
20201214194022.mp4 17;44;82;129
20201115202916.mp4 17;24;25;88;125
20201106214123.mp4 17;25;34;45;115;133
20201214192812.mp4 1;17;24;46;53;121
20201207224053.mp4 25;47;68;126
20201115201330.mp4 24;25;46;48;69;134
20201111010245.mp4 10;17;48;64;121
20201208022134.mp4 17;25;39;44;95;131
20201201132235.mp4 14;17;28;54;135
20201207174142.mp4 25;35;37;73;124
20201116175956.mp4 17;25;42;44;50;60;125
20201130175748.mp4 17;25;98;132
20201123175236.mp4 9;17;25;38;48;107;121
20201203193750.mp4 5;11;17;25;39;44;88;125
20201123151129.mp4 9;10;17;64;121
20201110132906.mp4 14;17;25;43;75;129
20201208022410.mp4 17;25;34;39;44;46;47;95;131
20201102210538.mp4 25;46;48;113;127
20201201135352.mp4 17;25;39;46;107;121
20201117133219.mp4 17;23;25;39;44;91;122
20201207135938.mp4 17;38;107;121
20201114195839.mp4 2;17;24;25;60;125
20201103131256.mp4 17;25;39;80;128
20201206005229.mp4 25;49;55;135
20201207141641.mp4 17;25;44;49;112;123
20201203211449.mp4 17;25;37;45;56;133
20201117133843.mp4 17;25;44;68;126
20201107222315.mp4 10;17;39;62;121
20201204041804.mp4 10;17;46;64;121
20201123150714.mp4 2;17;24;25;57;132
20201208031047.mp4 25;37;115;133
20201129225955.mp4 24;47;69;134
20201106205326.mp4 17;28;39;102;123
20201201160008.mp4 9;10;17;25;44;46;48;64;121
20201124160318.mp4 2;25;44;46;49;117;126
20201117132534.mp4 17;63;121
20201214174728.mp4 4;17;25;92;135
20201207142054.mp4 17;25;39;44;49;102;123
20201115174159.mp4 17;106;121
20201130190650.mp4 2;17;25;49;98;132
20201110152117.mp4 2;21;25;37;108;132
20201203210616.mp4 1;17;30;36;46;52;134
20201207214410.mp4 24;25;34;37;108;132
20201115222454.mp4 24;47;48;69;134
20201207232346.mp4 25;27;44;46;61;123
20201204045912.mp4 10;17;64;121
20201203204810.mp4 25;37;45;46;56;133
20201116174213.mp4 7;17;25;39;44;51;112;123
20201208023700.mp4 23;24;108;132
20201106213342.mp4 25;115;133
20201130201242.mp4 17;25;34;98;132
20201207153729.mp4 17;20;45;115;133
20201115202606.mp4 25;29;34;44;72;124
20201115180200.mp4 24;48;69;134
20201115015419.mp4 17;25;34;44;46;48;68;126
20201207141852.mp4 2;17;25;28;39;44;47;48;49;102;123
20201207141434.mp4 17;39;44;112;123
20201103134704.mp4 1;17;25;39;44;46;48;99;134
20201114191458.mp4 17;25;88;125
20201130175954.mp4 2;17;25;40;98;132
20201130235911.mp4 17;25;47;81;129
20201201154210.mp4 20;24;35;67;136
20201115194413.mp4 17;44;71;129
20201115175622.mp4 25;34;44;45;115;133
20201115201230.mp4 48;69;134
20201201155114.mp4 10;17;25;64;121
20201114203503.mp4 17;25;39;85;130
20201214173720.mp4 10;17;64;121
20201214174835.mp4 7;17;46;92;135
20201130201641.mp4 17;25;112;123
20201112144903.mp4 17;25;44;49;119;129
20201201132439.mp4 1;46;52;134
20201115175459.mp4 17;45;115;133
20201203222709.mp4 17;25;44;45;115;133
20201201142503.mp4 2;17;21;25;34;108;132
20201130202153.mp4 17;25;27;39;105;123
20201207214901.mp4 20;25;37;108;132
20201129224805.mp4 2;5;17;25;46;88;125
20201201150736.mp4 25;46;89;125
20201203230053.mp4 2;15;17;20;25;34;40;47;49;98;132
20201106221822.mp4 33;35;41;114;136
20201203211719.mp4 25;39;44;46;48;69;134
20201115193813.mp4 2;17;25;98;132
20201214183322.mp4 25;44;83;129
20201130181850.mp4 17;31;107;121
20201208024302.mp4 25;39;48;70;134
20201106205507.mp4 17;25;44;102;123
20201030095338.mp4 24;25;46;60;125
20201114203221.mp4 7;17;25;39;93;130
20201117130917.mp4 25;37;96;132
20201203222332.mp4 17;25;44;45;115;133
20201208020521.mp4 17;25;38;39;107;121
20201114192426.mp4 17;62;121
20201114203410.mp4 25;85;130
20201207221306.mp4 25;39;44;112;123
20201102205827.mp4 10;17;38;106;121
20201204091340.mp4 2;17;25;46;98;132
20201117155926.mp4 2;25;35;41;49;114;136
20201203201809.mp4 17;20;25;34;37;45;96;132
20201114004750.mp4 17;25;28;49;102;123
20201206005303.mp4 25;49;55;135
20201204042005.mp4 10;15;17;25;46;64;121
20201115175018.mp4 7;17;25;34;39;95;131
20201106214551.mp4 2;17;20;25;34;45;49;115;133
20201208131215.mp4 17;25;32;39;48;52;134
20201201155127.mp4 9;10;17;64;121
20201106213401.mp4 17;20;25;45;115;133
20201207213546.mp4 37;73;124
20201207150909.mp4 17;23;25;44;80;128
20201207141954.mp4 17;25;39;44;47;49;112;123
20201129223052.mp4 17;44;82;129
20201208132315.mp4 17;39;99;134
20201207224119.mp4 17;25;47;49;68;126
20201116180336.mp4 17;25;39;88;125
20201207141221.mp4 1;8;17;46;99;134
20201203220339.mp4 2;17;25;36;44;46;110;125
20201207222829.mp4 2;17;18;25;28;39;44;46;77;120
20201117133156.mp4 14;17;23;25;34;39;91;122
20201208025818.mp4 25;46;108;132
20201116180219.mp4 17;25;39;44;89;125
20201110155937.mp4 17;38;106;121
20201201152800.mp4 17;25;35;76;136
20201110150006.mp4 17;58;130
20201207152451.mp4 17;31;38;46;106;121
20201115202800.mp4 7;25;49;72;124
20201203195116.mp4 17;25;74;124
20201123150306.mp4 17;25;34;57;132
20201130175050.mp4 2;17;25;37;98;132
20201115020034.mp4 20;21;37;108;132
20201115014930.mp4 25;39;44;48;68;126
20201111005748.mp4 2;17;25;92;135
20201130174349.mp4 25;48;69;134
20201117131534.mp4 17;28;70;134
20201208023626.mp4 2;25;37;49;108;132
20201117160034.mp4 7;17;25;35;41;114;136
20201107221313.mp4 17;25;39;62;121
20201207224922.mp4 17;39;48;106;121
20201208022522.mp4 17;34;39;74;124
20201114204137.mp4 14;25;39;43;44;112;123
20201113102551.mp4 17;18;114;136
20201208020715.mp4 24;25;44;48;69;134
20201207215806.mp4 17;25;98;132
20201123175750.mp4 1;53;121
20201116174702.mp4 17;25;49;72;124
20201201132843.mp4 25;39;44;47;81;129
20201114192822.mp4 10;17;46;64;121
20201115234509.mp4 25;36;39;44;113;127
20201204041640.mp4 9;10;17;39;46;48;64;121
20201115175747.mp4 17;25;37;45;115;133
20201208130833.mp4 8;17;48;99;134
20201207230134.mp4 14;17;25;46;49;75;129
20201203224221.mp4 17;25;44;47;86;130
20201115201625.mp4 9;17;25;38;107;121
20201207150402.mp4 9;17;25;62;121
20201207152951.mp4 10;17;46;64;121
20201112145559.mp4 17;23;25;80;128
20201203204644.mp4 2;17;25;37;45;115;133
20201204091210.mp4 17;23;25;37;39;44;74;124
20201112142545.mp4 17;27;48;66;121
20201106213228.mp4 2;17;25;115;133
20201115013316.mp4 17;20;24;25;37;56;133
20201207152557.mp4 15;17;25;38;46;48;106;121
20201203222323.mp4 17;44;115;133
20201110125713.mp4 24;48;69;134
20201201142656.mp4 17;20;25;108;132
20201123180159.mp4 2;7;20;25;34;37;56;133
20201214183558.mp4 17;39;44;69;134
20201115013935.mp4 6;49;72;124
20201203225313.mp4 17;24;25;39;88;125
20201203205021.mp4 17;25;37;115;133
20201201000410.mp4 20;34;37;87;132
20201115021033.mp4 1;24;25;39;70;134
20201203201740.mp4 0;34;37;96;132
20201204082425.mp4 22;23;25;80;128
20201204091838.mp4 17;25;44;85;130
20201208020738.mp4 24;25;48;69;134
20201201014335.mp4 9;10;17;25;64;121
20201115180026.mp4 24;48;69;134
20201202193828.mp4 2;11;14;17;25;34;41;43;44;92;135
20201111014206.mp4 17;25;44;112;123
20201106164334.mp4 17;31;106;121
20201207222151.mp4 2;17;25;28;39;49;102;123
20201102210218.mp4 10;17;64;121
20201201155730.mp4 17;25;49;62;121
20201115235404.mp4 37;73;124
20201201142608.mp4 7;25;37;57;132
20201207142009.mp4 17;25;28;39;49;102;123
20201214184135.mp4 24;25;44;46;48;49;69;134
20201201151548.mp4 28;39;48;113;127
20201201155649.mp4 2;17;25;109;121
20201114184840.mp4 9;10;17;46;64;121
20201130181316.mp4 7;35;114;136
20201103131718.mp4 17;23;25;44;80;128
20201203200116.mp4 17;25;39;77;120
20201201154020.mp4 17;20;25;34;44;97;120
20201116180239.mp4 17;25;89;125
20201207153758.mp4 17;20;24;25;37;56;133
20201203222334.mp4 17;25;45;56;133
20201116175903.mp4 17;44;46;60;125
20201114203837.mp4 17;99;134
20201204082440.mp4 17;18;22;25;79;128
20201204034101.mp4 17;25;34;45;115;133
20201207135817.mp4 17;38;107;121
20201115013425.mp4 7;20;23;25;37;56;133
20201106164623.mp4 17;38;46;106;121
20201215143207.mp4 17;25;34;49;98;132
20201214082225.mp4 17;25;27;39;44;46;47;81;129
20201115191021.mp4 17;25;34;44;45;115;133
20201106214316.mp4 2;17;25;45;115;133
20201106214250.mp4 2;17;25;45;115;133
20201124141012.mp4 23;24;25;37;56;133
20201112142123.mp4 9;10;64;121
20201203204720.mp4 17;25;37;115;133
20201214193954.mp4 17;34;44;82;129
20201204091557.mp4 2;17;25;37;98;132
20201111010117.mp4 9;17;25;44;62;121
20201203211942.mp4 17;50;110;125
20201030131415.mp4 17;18;25;97;120
20201130184830.mp4 17;25;38;39;46;107;121
20201128214149.mp4 17;25;48;86;130
20201130192751.mp4 17;25;101;128
20201201133611.mp4 25;34;46;55;135
20201202194203.mp4 17;25;44;58;130
20201115020338.mp4 24;25;34;108;132
20201214185410.mp4 2;17;25;34;37;98;132
20201207221858.mp4 17;25;39;49;61;123
20201106214411.mp4 2;17;25;45;115;133
20201203203141.mp4 17;46;48;58;130
20201214172547.mp4 2;17;25;37;39;47;48;98;132
20201202195015.mp4 17;18;19;25;90;125
20201207154225.mp4 17;25;38;44;107;121
20201117134537.mp4 17;25;97;120
20201203193447.mp4 17;25;39;104;123
20201207135742.mp4 5;17;25;38;107;121
20201208023116.mp4 17;25;86;130
20201207141145.mp4 17;46;99;134
20201214194115.mp4 17;29;44;46;82;129
20201208015534.mp4 17;46;48;65;134
20201117155347.mp4 7;17;25;35;114;136
20201117133456.mp4 17;25;39;93;130
20201115235208.mp4 37;73;124
20201106212551.mp4 17;25;44;47;112;123
