20201207231031
20201123151315
20201106214259
20201201152551
20201208024000
20201201142824
20201112144035
20201208025403
20201201142327
20201115202714
20201116184339
20201106213636
20201208025557
20201208023355
20201201155825
20201117131130
20201123180019
20201130201617
20201114200710
20201214193228
20201129223149
20201115013329
20201115191717
20201106212526
20201201153542
20201130202612
20201114191541
20201204094644
20201115234432
20201110125147
20201115014814
20201203205056
20201106213107
20201116190127
20201116010536
20201115175658
20201207214143
20201112144943
20201208022710
20201203203843
20201207140951
20201203222300
20201207222132
20201115174337
20201204091542
20201106205311
20201115015357
20201201143022
20201203195306
20201115174235
20201106214150
20201115195854
20201112141621
20201123151516
20201115222536
20201106212057
20201114203721
20201106211404
20201203201907
20201203204615
20201204041103
20201207225231
20201201142606
20201203195148
20201123150908
20201201143809
20201114192153
20201207145449
20201117132210
20201203204709
20201116174121
20201107221136
20201201142857
20201115013712
20201123150117
20201203204852
20201115202221
20201114183113
20201201143503
20201124140933
20201214183303
20201124141038
20201115190216
20201130201813
20201115020826
20201115175452
20201208015939
20201117132616
20201201151424
20201207153654
20201114185011
20201203225247
20201130184326
20201112231454
20201203195131
20201201014136
20201201154932
20201201150458
20201114201138
20201215153937
20201117134335
20201107222651
20201110152008
20201110151235
20201130174456
20201204091505
20201201144030
20201130174720
20201115191511
20201203212334
20201114004115
20201201142408
20201207225256
20201116190334
20201129232409
20201201132751
20201116185608
20201106211205
20201106164804
20201112145727
20201114192017
20201115013616
20201208031900
20201207142206
20201129232337
20201207150726
20201207142255
20201130184640
20201130182038
20201111013955
20201215143555
20201115013106
20201201144528
20201201013941
20201030093124
20201116174656
20201207220450
20201214082331
20201117134105
20201207141738
20201208131246
20201115012848
20201114205046
20201201144604
20201203223528
20201130200750
20201202195527
20201117134343
20201201142505
20201201142717
20201115012329
20201201151509
20201130180011
20201208021511
20201207150248
20201114200418
20201204091758
20201114200610
20201129222857
20201114200847
20201116190026
20201117131328
20201115201402
20201106164724
20201130202905
20201112145632
20201106213422
20201130203403
20201201151104
20201201152348
20201204035848
20201130175123
20201115222500
20201102205720
20201115174433
20201207152032
20201123145947
20201208024035
20201207145948
20201115191738
20201214081514
20201207222209
20201207141400
20201207224306
20201207153555
20201207154608
20201207151423
20201214195202
20201214181800
20201208030716
20201201152924
20201116190454
20201203204308
20201203225214
20201215143311
20201207225455
20201215143158
20201115014524
20201207231831
20201115014839
20201114004448
20201201144518
20201208030754
20201203222555
20201207214449
20201207140011
20201203204036
20201201143415
20201207154556
20201208023651
20201129223806
20201114185411
20201208132041
20201114192045
20201206003102
20201207215614
20201117133610
20201201151013
20201207221626
20201201143103
20201115200522
20201117131747
20201123151543
20201116192130
20201116175239
20201117131212
20201129223917
20201201152939
20201115021042
20201203204938
20201201151326
20201116191027
20201106213712
20201208030627
20201102205759
20201201143841
20201201151446
20201207140039
20201117131800
20201130174247
20201129223244
20201207225141
20201115193936
20201102205521
20201214172447
20201115203739
20201207214505
20201130175140
20201030131739
20201130203508
20201112142627
20201203195255
20201208023425
20201207214042
20201115180628
20201115174725
20201115222404
20201106211046
20201204041126
20201207225940
20201208015551
20201208030858
20201116191250
20201214184315
20201207221101
20201203211506
20201112142404
20201204042215
20201106222033
20201201155943
20201207150348
20201115012530
20201201141940
20201107222119
20201207155004
20201115202302
20201115014329
20201214181717
20201116174541
20201201155542
20201214174935
20201117155259
20201103153301
20201115175608
20201114185647
20201130201014
20201208031721
20201106211607
20201204041214
20201117105640
20201114200442
20201116182435
20201112230553
20201207135716
20201202194130
20201207231024
20201208130514
20201214194352
20201204082543
20201203192912
20201207141757
20201116143002
20201206003925
20201207215308
20201208024453
20201203230938
20201204034238
20201115222849
20201214185421
20201214085456
20201207214816
20201117155235
20201107222245
20201207141620
20201201152331
20201206002850
20201201155140
20201215153313
20201116175928
20201113102215
20201103145614
20201110124153
20201208023449
20201201131917
20201123175945
20201111122544
20201112143832
20201201014032
20201112143946
20201208030933
20201207222119
20201207145518
20201208030304
20201201154109
20201114204111
20201203204612
20201207180106
20201204035928
20201130202343
20201130201720
20201110125033
20201207151501
20201116192313
20201123171303
20201115014950
20201214183442
20201201151406
20201117105213
20201112230830
20201116175948
20201207223932
20201203225332
20201107222800
20201214193310
20201203210720
20201115012300
20201214184029
20201201151355
20201207151358
20201130201632
20201207154639
20201204041950
20201207155043
20201207135848
20201129224120
20201112145110
20201201142921
20201207221519
20201207232025
20201106214623
20201207225038
20201207150747
20201208022635
20201207221457
20201116143334
20201201014402
20201203230211
20201117105105
20201204034216
20201207214153
20201207220147
20201030001517
20201201151217
20201115175539
20201203225840
20201117134313
20201203194949
20201203211446
20201203225028
20201112145241
20201201143041
20201208131624
20201112230615
20201116174954
20201115175343
20201116182502
20201207215719
20201214173304
20201207142502
20201206003130
20201112143714
20201114191226
20201115223012
20201201001318
20201208025722
20201204045838
20201115013035
20201207222414
20201115013244
20201030095517
20201203204655
20201112144932
20201130201402
20201201133740
20201207231043
20201115175211
20201110152256
20201201151616
20201208132448
20201204091910
20201207153543
20201214193908
20201124135419
20201123175532
20201207215902
20201207141055
20201203204759
20201201140406
20201207153911
20201203223437
20201204091037
20201201154135
20201207215548
20201030131243
20201115174604
20201103145515
20201214175658
20201201140126
20201204041421
20201117105541
20201214193544
20201106212025
20201207220848
20201117134232
20201130201556
20201201000019
20201110152147
20201113101858
20201130192043
20201124140326
20201106211449
20201203223305
20201204040910
20201207215452
20201202195035
20201204034246
20201112231125
20201207160725
20201116192345
20201204042115
20201114202943
20201208022215
20201201151728
20201201143315
20201204041705
20201207153718
20201123170819
20201115021024
20201115222250
20201214181404
20201114185616
20201207214130
20201106210842
20201107221513
20201115221515
20201130200353
20201115195348
20201208025351
20201201141455
20201115202013
20201201155413
20201106210934
20201112230924
20201203212407
20201203204622
20201103131101
20201115020140
20201207144808
20201106212427
20201207224837
20201201151539
20201116180159
20201203203943
20201115174141
20201110154800
20201207213939
20201130175617
20201214183458
20201214193823
20201214194700
20201106211012
20201207220837
20201117105633
20201114191607
20201106205712
20201204041502
20201115203636
20201115201900
20201123170712
20201110131449
20201201152529
20201207144708
20201123175650
20201111005941
20201114190659
20201115013350
20201110153208
20201203200241
20201214185146
20201214185806
20201208131530
20201115191003
20201208021113
20201124135848
20201207230455
20201114204001
20201115013836
20201129223328
20201214174900
20201207150056
20201201152421
20201117155937
20201203222251
20201207225302
20201110124839
20201201155926
20201204091226
20201214172510
20201208021756
20201116143110
20201130181954
20201112144425
20201106213726
20201123171048
20201207221259
20201208132409
20201207213926
20201207153751
20201106212212
20201207215503
20201116143310
20201129225817
20201116190056
20201207213720
20201110125017
20201214081311
20201207153844
20201208132002
20201123175453
20201114192541
20201201133209
20201208031835
20201204035725
20201115015238
20201207140502
20201102210235
20201207215931
20201106205212
20201204045858
20201204091057
20201201152516
20201207233012
20201124135906
20201130195950
20201107222224
20201117133150
20201204034644
20201207231245
20201123145618
20201115014552
20201107221700
20201204091349
20201208023904
20201123171005
20201207151449
20201115175627
20201207152707
20201114204357
20201214181322
20201115201527
20201203222349
20201123150558
20201116184306
20201114204200
20201201143718
20201110151934
20201204091323
20201201014521
20201116191359
20201130175717
20201124135431
20201115012549
20201114192721
20201115200628
20201114190852
20201114203246
20201116175701
20201201144351
20201115222055
20201208131544
20201115015218
20201115222858
20201201152401
20201130181228
20201208020422
20201203210324
20201201143906
20201207141249
20201214185210
20201214184212
20201201142728
20201116185456
20201103131146
20201116174819
20201207213808
20201116190744
20201130190504
20201207221428
20201203204751
20201115195332
20201114200101
20201203212021
20201201000637
20201130202438
20201201155456
20201207222055
20201207231940
20201203222741
20201201151157
20201115020311
20201130190535
20201208021739
20201204095312
20201113104401
20201203204843
20201203223229
20201208023256
20201115174804
20201115201154
20201204041353
20201110150625
20201106205751
20201117131807
20201201155804
20201106210854
20201115014420
20201112143811
20201115174621
20201204040854
20201214171117
20201103130810
20201204034703
20201207214117
20201112230847
20201214194744
20201201151711
20201201142446
20201130202047
20201110124921
20201103145548
20201208132214
20201117132301
20201114204631
20201112144112
20201208023238
20201214171807
20201208030923
20201115013801
20201114204329
20201115174955
20201204042200
20201115015954
20201113102244
20201207150631
20201117160009
20201204091941
20201207222323
20201114195805
20201128213622
20201204091302
20201103151140
20201102211311
20201115174124
20201123175958
20201130175904
20201116175308
20201130202220
20201116175525
20201203223922
20201207220105
20201110151551
20201116180307
20201112143022
20201030002113
20201207230948
20201111122737
20201115174746
20201115175550
20201114204249
20201103150247
20201123145916
20201207224616
20201207153427
20201201151559
20201114200526
20201129225706
20201203230503
20201203211426
20201115175848
20201207232717
20201115202200
20201203204954
20201130184724
20201207214536
20201112143938
20201207161025
20201201142258
20201114201111
20201116174355
20201112231330
20201116024525
20201208022245
20201208031424
20201114004307
20201115222346
20201030122924
20201201134027
20201117132822
20201123150324
20201106212128
20201207153613
20201203202806
20201114200913
20201201013928
20201207150303
20201201013704
20201115201756
20201130174315
20201115180448
20201207153515
20201214180316
20201117132640
20201208020010
20201214183948
20201115013110
20201116024558
20201111010502
20201207214600
20201106205427
20201130174905
20201214082553
20201207230001
20201114004922
20201117105131
20201207225446
20201201143429
20201214185715
20201214175003
20201207152112
20201204034134
20201102211507
20201203200134
20201113104542
20201207153349
20201208020549
20201114203211
20201106221743
20201130200320
20201106213748
20201201151243
20201103131319
20201130184607
20201130200419
20201112144447
20201201131717
20201201152651
20201117133337
20201214194529
20201201151447
20201207214421
20201110125213
20201214181336
20201130202523
20201114200324
20201214174739
20201208131329
20201204091823
20201203205343
20201215143145
20201115013514
20201115195620
20201203195234
20201130184541
20201130184041
20201116183222
20201123150419
20201114204559
20201111010443
20201214195338
20201201150537
20201201141043
20201129224020
20201214182153
20201111010544
20201203221925
20201201142219
20201115191705
20201214171817
20201112231431
20201106221850
20201201144809
20201130181128
20201115194341
20201207151438
20201207153736
20201215143223
20201215153957
20201201152239
20201103130932
20201215153920
20201203193251
20201115203428
20201201152701
20201203205009
20201201140036
20201115201346
20201115013959
20201110150534
20201201142239
20201214184548
20201204041925
20201115014625
20201115202636
20201215143510
20201214194424
20201201142536
20201207145928
20201030131502
20201115221244
20201201131800
20201114192352
20201207153109
20201116174642
20201117132551
20201208030230
20201106213011
20201208024229
20201114205126
20201214184118
20201203201756
20201207141004
20201115195311
20201215143215
20201203205040
20201204082520
20201207223640
20201201141918
20201116183555
20201123150547
20201201014224
20201115194205
20201107221806
20201201152141
20201130175102
20201201150805
20201115012347
20201201000045
20201201014058
20201207160800
20201207150124
20201208030530
20201203194908
20201214180358
20201203210535
20201114185152
20201114204023
20201129224030
20201207225237
20201204034521
20201130203153
20201115020954
20201130181034
20201106211818
20201201152312
20201115223320
20201116174834
20201112144837
20201201142136
20201207231208
20201208023518
20201208031249
20201102211630
20201204091124
20201114185435
20201214174508
20201130200404
20201115014906
20201204034603
20201124140337
20201116191048
20201116183150
20201214181947
20201203204740
20201030123218
20201115221154
20201106213037
20201207213643
20201112142307
20201110155956
20201106221925
20201207215621
20201201142318
20201116175614
20201114203440
20201203203905
20201110131519
20201106213617
20201208030838
20201201151801
20201208023918
20201128213814
20201201142204
20201114185532
20201112142027
20201208024555
20201207154311
20201116182906
20201112144040
20201203230110
20201030095150
20201117160000
20201201151050
20201130180304
20201106221120
20201204041231
20201116185358
20201201155623
20201207142152
20201103134736
20201201132519
20201207230623
20201115223307
20201128213712
20201117133037
20201115180313
20201201152902
20201207215357
20201115015005
20201207232332
20201123180043
20201130174817
20201130174403
20201106221705
20201106213331
20201102210507
20201130201047
20201114203649
20201117105000
20201130190612
20201207221001
20201207153400
20201116175824
20201204041724
20201129223031
20201201133026
20201206002810
20201112231108
20201214185237
20201201143216
20201102205706
20201204034620
20201203192823
20201208031501
20201116143146
20201114192639
20201116182103
20201201133440
20201204034157
20201201132004
20201111014103
20201207224252
20201106214331
20201203225408
20201206003153
20201207223401
20201201160630
20201112145312
20201116004820
20201117131722
20201208022835
20201201144128
20201124141329
20201115020327
20201208025256
20201201142444
20201116183202
20201116175510
20201103131852
20201201135307
20201204041844
20201208131040
20201201151133
20201207141814
20201214180336
20201115201646
20201208022449
20201201142012
20201116182144
20201112144502
20201114192655
20201116143247
20201207232952
20201207161049
20201116185344
20201106164645
20201201131657
20201208020046
20201110154640
20201130184859
20201206005249
20201115203832
20201116174601
20201201152435
20201215143422
20201202193751
20201203211234
20201106212354
20201201014653
20201117155834
20201202195348
20201114200819
20201207141936
20201130180857
20201130202728
20201111005855
20201208030643
20201103133158
20201203204801
20201130190334
20201203204904
20201117133024
20201106213440
20201203230025
20201130203517
20201103131744
20201203224159
20201113102139
20201203195216
20201204035942
20201123151238
20201110152216
20201207153453
20201115191648
20201214194928
20201201142805
20201207135916
20201115173933
20201115013025
20201130175529
20201207213458
20201203205038
20201214180218
20201214182116
20201215153533
20201207230245
20201201151200
20201214174912
20201208025325
20201208030324
20201203222124
20201203200747
20201114204722
20201106162511
20201116175728
20201106212109
20201110124442
20201130201147
20201115200959
20201130175639
20201203223318
20201208023607
20201130181641
20201201152131
20201203205030
20201117133056
20201208022903
20201115220859
20201114185314
20201207214638
20201214181106
20201113104304
20201114200234
20201107222733
20201201142933
20201115175531
20201203210745
20201130201510
20201208024437
20201214195023
20201206005407
20201117130022
20201106164113
20201203222528
20201110151839
20201130174942
20201207223126
20201203222814
20201130174518
20201214193144
20201201155910
20201124162241
20201116175855
20201112142532
20201207232628
20201112142238
20201115013726
20201201151837
20201201142022
20201201152502
20201201151036
20201207225000
20201201152648
20201116143514
20201208130904
20201201155426
20201207140531
20201214183619
20201207231101
20201201142036
20201201141329
20201203204920
20201208131642
20201201152626
20201106164426
20201106211627
20201203205049
20201201132711
20201203212116
20201214195312
20201114204458
20201204092006
20201112143751
20201115234526
20201110151912
20201102205938
20201201131813
20201116005237
20201207144952
20201115222437
20201203223425
20201207142221
20201103133137
20201129223012
20201207214749
20201114204844
20201201135559
20201214194503
20201214181039
20201115013506
20201115235153
20201207140103
20201117105612
20201116174459
20201201142038
20201203194922
20201214181134
20201208015959
20201130175939
20201201142325
20201201140623
20201207150756
20201116010611
20201207220427
20201102205628
20201207215517
20201103150354
20201106213208
20201201140533
20201214195226
20201130202016
20201203204906
20201207221348
20201207150541
20201117132748
20201102205611
20201112143913
20201201143525
20201208015455
20201203211734
20201112230639
20201115020747
20201115194432
20201103131018
20201116174235
20201203195803
20201201013545
20201111010150
20201110151753
20201115015321
20201207222453
20201203222616
20201114190800
20201208021604
20201208015928
20201207214714
20201115222423
20201203204808
20201214173204
20201114210128
20201106205619
20201114185344
20201117131154
20201117155248
20201206003241
20201208020917
20201207222723
20201130192112
20201208132502
20201115221555
20201116142904
20201204040717
20201201144314
20201204041255
20201130174631
20201115195445
20201115014351
20201208025208
20201114203345
20201115020525
20201112230650
20201207224512
20201116175422
20201214180606
20201114191401
20201207232811
20201117105120
20201115222229
20201111012944
20201207231149
20201130203135
20201115222644
20201207214811
20201214174950
20201214185317
20201201154951
20201130175629
20201123171224
20201207220402
20201207222711
20201130201109
20201207215605
20201114200211
20201115013144
20201201142450
20201201142335
20201207153603
20201207153819
20201129222945
20201214181454
20201111010726
20201110151859
20201203205048
20201113104245
20201115175836
20201116182417
20201208022807
20201123151044
20201115015927
20201201153743
20201203230650
20201203195013
20201115221809
20201106211523
20201207140307
20201112144107
20201116185546
20201201133139
20201207230314
20201207214523
20201112143536
20201201144417
20201106214535
20201117130124
20201208020950
20201207140937
20201106214230
20201114195526
20201106214308
20201201132409
20201117131045
20201115194039
20201201142238
20201207223505
20201115013045
20201203222456
20201203200200
20201201151336
20201110152558
20201201160058
20201116175022
20201202195507
20201201134412
20201130202248
20201208025738
20201201014208
20201201151118
20201201152641
20201130175438
20201115014701
20201204091149
20201103150205
20201207222925
20201203204003
20201214180158
20201115204119
20201112230814
20201114203758
20201201151738
20201130192553
20201115222546
20201107222623
20201207221339
20201207225813
20201203205114
20201116180327
20201106161009
20201114203136
20201102210301
20201115192148
20201114192618
20201116192433
20201214081154
20201116185243
20201203195323
20201114200748
20201116182252
20201208023219
20201208023543
20201203212351
20201214173447
20201115175523
20201116183050
20201203211701
20201110153848
20201106213831
20201203205302
20201102210146
20201201144012
20201106211721
20201207154752
20201203204821
20201114185940
20201203212424
20201106164311
20201123175540
20201115201954
20201130175026
20201203225903
20201110150303
20201106214608
20201207225243
20201123151731
20201202195448
20201107221911
20201114194918
20201114204925
20201130175358
20201116182552
20201201144747
20201114204053
20201207231118
20201106161708
20201130203209
20201112144232
20201103131818
20201115190004
20201130202809
20201201142715
20201214194555
20201115012923
20201116190953
20201123143429
20201114192854
20201116180143
20201202194943
20201207213755
20201112144318
20201102205649
20201110160043
20201201142217
20201207153532
20201201153507
20201208031917
20201207231550
20201130202121
20201201132331
20201117133128
20201130201332
20201114200027
20201201135449
20201203210825
20201207215508
20201113104013
20201207231624
20201207154407
20201214184531
20201115221532
20201123180114
20201130201658
20201201152018
20201207150521
20201207142322
20201117131304
20201203205023
20201201153423
20201106164238
20201114190715
20201130192907
20201203222727
20201110124029
20201115222125
20201114201504
20201208021903
20201214174816
20201115201209
20201116185038
20201214085647
20201214193343
20201115222620
20201203223509
20201112142211
20201116180442
20201207141708
20201116182714
20201204082459
20201117133939
20201116175452
20201030131619
20201208021540
20201208025810
20201203223407
20201116175712
20201110153309
20201203205236
20201214173411
20201204095359
20201114184800
20201116175214
20201201013910
20201208031629
20201203204624
20201106164737
20201124135207
20201130190944
20201102210616
20201201142836
20201201142628
20201114185139
20201116142931
20201117133331
20201116175835
20201208020351
20201207150156
20201207141605
20201129224717
20201203225926
20201115222215
20201201155852
20201203204731
20201215153359
20201115015613
20201207141859
20201201000457
20201214173027
20201201153134
20201115195200
20201203195925
20201203195411
20201203193630
20201214170948
20201207221551
20201201143302
20201203224126
20201201151905
20201130180236
20201201155602
20201117160016
20201103132536
20201207153707
20201117105145
20201117104811
20201130174437
20201203230037
20201201142355
20201117155336
20201204040029
20201214184612
20201203200815
20201115222334
20201214185355
20201112142955
20201207220908
20201115014401
20201115232447
20201201152327
20201130190406
20201207222637
20201201153445
20201214195147
20201214184945
20201114201245
20201201153013
20201116142806
20201207145054
20201203195518
20201201153949
20201207222010
20201214181431
20201204035913
20201130174213
20201130183552
20201201143848
20201203203158
20201110150408
20201201142134
20201215143137
20201106205954
20201115012404
20201115222443
20201130200534
20201117133736
20201123180056
20201201152604
20201207225903
20201124141024
20201208030349
20201201141207
20201203204722
20201110152227
20201208131309
20201206003007
20201115175422
20201201153053
20201207155129
20201106164048
20201123180144
20201207220215
20201214174847
20201207231408
20201201135651
20201215143245
20201207214106
20201207230020
20201214180037
20201114192754
20201123180127
20201111013615
20201208132347
20201201132321
20201201152256
20201102210433
20201116190402
20201114195953
20201207221636
20201123175341
20201202195317
20201201151123
20201129223252
20201123145722
20201204034541
20201115174419
20201116180505
20201214181250
20201106162941
20201214173831
20201111123006
20201204040458
20201030002044
20201114204814
20201107221415
20201112141541
20201201142349
20201201143423
20201207141041
20201201143140
20201203210555
20201112144238
20201215143431
20201130202701
20201114185709
20201115174312
20201201160131
20201115180351
20201207142403
20201203193227
20201106213811
20201106164548
20201201142003
20201103151118
20201123143648
20201208024113
20201110124227
20201110152437
20201115175313
20201207153829
20201203205058
20201112143049
20201130181149
20201110160117
20201117104853
20201114204432
20201103150939
20201117134326
20201115235317
20201214180256
20201115020856
20201214174633
20201103131434
20201208031757
20201201013806
20201203211304
20201106211421
20201116184253
20201214185434
20201116174334
20201207230437
20201201140954
20201112145657
20201106221554
20201203195422
20201123170844
20201116175330
20201207154159
20201214193430
20201201152445
20201201014046
20201115222415
20201206004515
20201214081525
20201214194022
20201115202916
20201106214123
20201214192812
20201207224053
20201115201330
20201111010245
20201208022134
20201201132235
20201207174142
20201116175956
20201130175748
20201123175236
20201203193750
20201123151129
20201110132906
20201208022410
20201102210538
20201201135352
20201117133219
20201207135938
20201114195839
20201103131256
20201206005229
20201207141641
20201203211449
20201117133843
20201107222315
20201204041804
20201123150714
20201208031047
20201129225955
20201106205326
20201201160008
20201124160318
20201117132534
20201214174728
20201207142054
20201115174159
20201130190650
20201110152117
20201203210616
20201207214410
20201115222454
20201207232346
20201204045912
20201203204810
20201116174213
20201208023700
20201106213342
20201130201242
20201207153729
20201115202606
20201115180200
20201115015419
20201207141852
20201207141434
20201103134704
20201114191458
20201130175954
20201130235911
20201201154210
20201115194413
20201115175622
20201115201230
20201201155114
20201114203503
20201214173720
20201214174835
20201130201641
20201112144903
20201201132439
20201115175459
20201203222709
20201201142503
20201130202153
20201207214901
20201129224805
20201201150736
20201203230053
20201106221822
20201203211719
20201115193813
20201214183322
20201130181850
20201208024302
20201106205507
20201030095338
20201114203221
20201117130917
20201203222332
20201208020521
20201114192426
20201114203410
20201207221306
20201102205827
20201204091340
20201117155926
20201203201809
20201114004750
20201206005303
20201204042005
20201115175018
20201106214551
20201208131215
20201201155127
20201106213401
20201207213546
20201207150909
20201207141954
20201129223052
20201208132315
20201207224119
20201116180336
20201207141221
20201203220339
20201207222829
20201117133156
20201208025818
20201116180219
20201110155937
20201201152800
20201110150006
20201207152451
20201115202800
20201203195116
20201123150306
20201130175050
20201115020034
20201115014930
20201111005748
20201130174349
20201117131534
20201208023626
20201117160034
20201107221313
20201207224922
20201208022522
20201114204137
20201113102551
20201208020715
20201207215806
20201123175750
20201116174702
20201201132843
20201114192822
20201115234509
20201204041640
20201115175747
20201208130833
20201207230134
20201203224221
20201115201625
20201207150402
20201207152951
20201112145559
20201203204644
20201204091210
20201112142545
20201106213228
20201115013316
20201207152557
20201203222323
20201110125713
20201201142656
20201123180159
20201214183558
20201115013935
20201203225313
20201203205021
20201201000410
20201115021033
20201203201740
20201204082425
20201204091838
20201208020738
20201201014335
20201115180026
20201202193828
20201111014206
20201106164334
20201207222151
20201102210218
20201201155730
20201115235404
20201201142608
20201207142009
20201214184135
20201201151548
20201201155649
20201114184840
20201130181316
20201103131718
20201203200116
20201201154020
20201116180239
20201207153758
20201203222334
20201116175903
20201114203837
20201204082440
20201204034101
20201207135817
20201115013425
20201106164623
20201215143207
20201214082225
20201115191021
20201106214316
20201106214250
20201124141012
20201112142123
20201203204720
20201214193954
20201204091557
20201111010117
20201203211942
20201030131415
20201130184830
20201128214149
20201130192751
20201201133611
20201202194203
20201115020338
20201214185410
20201207221858
20201106214411
20201203203141
20201214172547
20201202195015
20201207154225
20201117134537
20201203193447
20201207135742
20201208023116
20201207141145
20201214194115
20201208015534
20201117155347
20201117133456
20201115235208
20201106212551
